0 2275.319971
1 1655.049871
2 1374.755619
3 1205.551225
4 1088.754490
5 1001.654286
6 933.343090
7 877.832534
8 831.518896
9 792.083270
10 757.955172
11 728.027156
12 701.492320
13 677.746614
14 656.327442
15 636.873585
16 619.098223
17 602.770254
18 587.701065
19 573.734947
20 560.742045
21 548.613067
22 537.255264
23 526.589331
24 516.546998
25 507.069118
26 498.104155
27 489.606967
28 481.537813
29 473.861552
30 466.546972
31 459.566248
32 452.894476
33 446.509292
34 440.390546
35 434.520029
36 428.881236
37 423.459166
38 418.240152
39 413.211708
40 408.362403
41 403.681751
42 399.160106
43 394.788584
44 390.558982
45 386.463716
46 382.495759
47 378.648592
48 374.916155
49 371.292807
50 367.773291
51 364.352699
52 361.026443
53 357.790230
54 354.640035
55 351.572084
56 348.582830
57 345.668939
58 342.827270
59 340.054867
60 337.348937
61 334.706847
62 332.126105
63 329.604355
64 327.139368
65 324.729029
66 322.371333
67 320.064379
68 317.806357
69 315.595551
70 313.430326
71 311.309125
72 309.230467
73 307.192938
74 305.195190
75 303.235937
76 301.313950
77 299.428054
78 297.577126
79 295.760092
80 293.975923
81 292.223634
82 290.502280
83 288.810957
84 287.148795
85 285.514960
86 283.908653
87 282.329104
88 280.775574
89 279.247352
90 277.743753
91 276.264121
92 274.807821
93 273.374243
94 271.962798
95 270.572920
96 269.204061
97 267.855695
98 266.527312
99 265.218420
100 263.928545
101 262.657229
102 261.404028
103 260.168513
104 258.950270
105 257.748899
106 256.564011
107 255.395231
108 254.242195
109 253.104551
110 251.981958
111 250.874085
112 249.780612
113 248.701228
114 247.635631
115 246.583529
116 245.544638
117 244.518682
118 243.505394
119 242.504514
120 241.515789
121 240.538975
122 239.573833
123 238.620131
124 237.677644
125 236.746152
126 235.825443
127 234.915309
128 234.015549
129 233.125965
130 232.246367
131 231.376568
132 230.516387
133 229.665647
134 228.824176
135 227.991805
136 227.168372
137 226.353717
138 225.547684
139 224.750121
140 223.960881
141 223.179820
142 222.406795
143 221.641670
144 220.884311
145 220.134586
146 219.392368
147 218.657531
148 217.929954
149 217.209516
150 216.496103
151 215.789599
152 215.089894
153 214.396878
154 213.710446
155 213.030493
156 212.356918
157 211.689620
158 211.028504
159 210.373472
160 209.724434
161 209.081296
162 208.443970
163 207.812369
164 207.186406
165 206.565999
166 205.951065
167 205.341524
168 204.737297
169 204.138307
170 203.544479
171 202.955738
172 202.372012
173 201.793230
174 201.219323
175 200.650221
176 200.085858
177 199.526169
178 198.971088
179 198.420553
180 197.874502
181 197.332874
182 196.795610
183 196.262650
184 195.733938
185 195.209416
186 194.689031
187 194.172727
188 193.660452
189 193.152152
190 192.647777
191 192.147276
192 191.650599
193 191.157699
194 190.668527
195 190.183036
196 189.701180
197 189.222914
198 188.748193
199 188.276973
200 187.809212
201 187.344868
202 186.883898
203 186.426262
204 185.971920
205 185.520832
206 185.072959
207 184.628264
208 184.186708
209 183.748255
210 183.312869
211 182.880514
212 182.451154
213 182.024756
214 181.601284
215 181.180707
216 180.762990
217 180.348101
218 179.936009
219 179.526682
220 179.120089
221 178.716200
222 178.314985
223 177.916414
224 177.520458
225 177.127089
226 176.736279
227 176.348000
228 175.962224
229 175.578925
230 175.198076
231 174.819651
232 174.443625
233 174.069972
234 173.698667
235 173.329686
236 172.963004
237 172.598598
238 172.236444
239 171.876518
240 171.518799
241 171.163263
242 170.809889
243 170.458654
244 170.109537
245 169.762516
246 169.417571
247 169.074681
248 168.733826
249 168.394985
250 168.058139
251 167.723268
252 167.390353
253 167.059374
254 166.730314
255 166.403153
256 166.077874
257 165.754458
258 165.432887
259 165.113145
260 164.795213
261 164.479075
262 164.164713
263 163.852112
264 163.541254
265 163.232124
266 162.924706
267 162.618984
268 162.314942
269 162.012564
270 161.711837
271 161.412744
272 161.115271
273 160.819404
274 160.525127
275 160.232428
276 159.941291
277 159.651703
278 159.363650
279 159.077118
280 158.792095
281 158.508567
282 158.226521
283 157.945943
284 157.666823
285 157.389146
286 157.112900
287 156.838074
288 156.564654
289 156.292630
290 156.021989
291 155.752719
292 155.484810
293 155.218249
294 154.953025
295 154.689128
296 154.426545
297 154.165267
298 153.905283
299 153.646581
300 153.389152
301 153.132984
302 152.878069
303 152.624395
304 152.371952
305 152.120731
306 151.870722
307 151.621915
308 151.374301
309 151.127869
310 150.882612
311 150.638519
312 150.395581
313 150.153789
314 149.913134
315 149.673608
316 149.435202
317 149.197906
318 148.961713
319 148.726613
320 148.492600
321 148.259663
322 148.027795
323 147.796989
324 147.567235
325 147.338526
326 147.110854
327 146.884212
328 146.658591
329 146.433984
330 146.210383
331 145.987782
332 145.766172
333 145.545547
334 145.325898
335 145.107220
336 144.889504
337 144.672745
338 144.456934
339 144.242066
340 144.028133
341 143.815129
342 143.603046
343 143.391879
344 143.181622
345 142.972266
346 142.763807
347 142.556237
348 142.349551
349 142.143743
350 141.938806
351 141.734733
352 141.531520
353 141.329161
354 141.127648
355 140.926978
356 140.727143
357 140.528138
358 140.329957
359 140.132595
360 139.936047
361 139.740306
362 139.545368
363 139.351226
364 139.157877
365 138.965313
366 138.773531
367 138.582524
368 138.392288
369 138.202818
370 138.014109
371 137.826155
372 137.638952
373 137.452495
374 137.266779
375 137.081799
376 136.897551
377 136.714029
378 136.531230
379 136.349147
380 136.167778
381 135.987117
382 135.807160
383 135.627902
384 135.449339
385 135.271467
386 135.094281
387 134.917777
388 134.741950
389 134.566797
390 134.392314
391 134.218495
392 134.045338
393 133.872838
394 133.700990
395 133.529792
396 133.359238
397 133.189326
398 133.020050
399 132.851408
400 132.683396
401 132.516009
402 132.349245
403 132.183098
404 132.017566
405 131.852645
406 131.688332
407 131.524622
408 131.361512
409 131.198999
410 131.037079
411 130.875748
412 130.715004
413 130.554842
414 130.395260
415 130.236254
416 130.077821
417 129.919957
418 129.762660
419 129.605925
420 129.449750
421 129.294132
422 129.139067
423 128.984552
424 128.830584
425 128.677160
426 128.524278
427 128.371933
428 128.220124
429 128.068846
430 127.918098
431 127.767875
432 127.618176
433 127.468997
434 127.320336
435 127.172189
436 127.024554
437 126.877428
438 126.730809
439 126.584693
440 126.439077
441 126.293960
442 126.149339
443 126.005210
444 125.861571
445 125.718420
446 125.575754
447 125.433570
448 125.291866
449 125.150639
450 125.009887
451 124.869607
452 124.729798
453 124.590455
454 124.451578
455 124.313163
456 124.175208
457 124.037710
458 123.900669
459 123.764080
460 123.627942
461 123.492252
462 123.357009
463 123.222209
464 123.087851
465 122.953933
466 122.820451
467 122.687405
468 122.554791
469 122.422608
470 122.290854
471 122.159526
472 122.028622
473 121.898140
474 121.768078
475 121.638434
476 121.509206
477 121.380392
478 121.251990
479 121.123997
480 120.996413
481 120.869234
482 120.742459
483 120.616086
484 120.490113
485 120.364538
486 120.239360
487 120.114575
488 119.990184
489 119.866182
490 119.742570
491 119.619344
492 119.496503
493 119.374045
494 119.251969
495 119.130273
496 119.008954
497 118.888011
498 118.767443
499 118.647247
500 118.527422
501 118.407967
502 118.288879
503 118.170156
504 118.051798
505 117.933802
506 117.816167
507 117.698891
508 117.581973
509 117.465410
510 117.349202
511 117.233347
512 117.117842
513 117.002688
514 116.887881
515 116.773420
516 116.659305
517 116.545533
518 116.432102
519 116.319012
520 116.206261
521 116.093847
522 115.981769
523 115.870026
524 115.758615
525 115.647536
526 115.536787
527 115.426366
528 115.316273
529 115.206506
530 115.097062
531 114.987942
532 114.879144
533 114.770665
534 114.662506
535 114.554664
536 114.447138
537 114.339927
538 114.233030
539 114.126445
540 114.020170
541 113.914205
542 113.808549
543 113.703199
544 113.598155
545 113.493416
546 113.388980
547 113.284845
548 113.181012
549 113.077477
550 112.974241
551 112.871302
552 112.768659
553 112.666310
554 112.564255
555 112.462492
556 112.361020
557 112.259837
558 112.158943
559 112.058337
560 111.958017
561 111.857983
562 111.758232
563 111.658764
564 111.559578
565 111.460673
566 111.362047
567 111.263700
568 111.165630
569 111.067836
570 110.970318
571 110.873073
572 110.776102
573 110.679403
574 110.582974
575 110.486815
576 110.390925
577 110.295303
578 110.199948
579 110.104858
580 110.010033
581 109.915472
582 109.821173
583 109.727136
584 109.633360
585 109.539843
586 109.446585
587 109.353585
588 109.260841
589 109.168354
590 109.076121
591 108.984141
592 108.892415
593 108.800941
594 108.709717
595 108.618744
596 108.528020
597 108.437544
598 108.347316
599 108.257333
600 108.167597
601 108.078104
602 107.988856
603 107.899850
604 107.811086
605 107.722563
606 107.634281
607 107.546237
608 107.458432
609 107.370865
610 107.283534
611 107.196439
612 107.109579
613 107.022953
614 106.936560
615 106.850400
616 106.764472
617 106.678774
618 106.593306
619 106.508067
620 106.423057
621 106.338274
622 106.253718
623 106.169388
624 106.085283
625 106.001403
626 105.917746
627 105.834311
628 105.751099
629 105.668108
630 105.585338
631 105.502787
632 105.420455
633 105.338341
634 105.256445
635 105.174765
636 105.093302
637 105.012053
638 104.931019
639 104.850199
640 104.769592
641 104.689197
642 104.609013
643 104.529041
644 104.449278
645 104.369725
646 104.290380
647 104.211244
648 104.132315
649 104.053592
650 103.975075
651 103.896764
652 103.818657
653 103.740754
654 103.663054
655 103.585557
656 103.508261
657 103.431167
658 103.354273
659 103.277578
660 103.201083
661 103.124787
662 103.048688
663 102.972787
664 102.897082
665 102.821573
666 102.746259
667 102.671140
668 102.596215
669 102.521484
670 102.446945
671 102.372598
672 102.298443
673 102.224479
674 102.150705
675 102.077120
676 102.003725
677 101.930518
678 101.857499
679 101.784667
680 101.712022
681 101.639563
682 101.567289
683 101.495200
684 101.423296
685 101.351575
686 101.280038
687 101.208683
688 101.137509
689 101.066518
690 100.995707
691 100.925076
692 100.854625
693 100.784354
694 100.714260
695 100.644345
696 100.574607
697 100.505047
698 100.435662
699 100.366454
700 100.297420
701 100.228562
702 100.159877
703 100.091366
704 100.023029
705 99.954864
706 99.886871
707 99.819049
708 99.751399
709 99.683919
710 99.616609
711 99.549469
712 99.482497
713 99.415694
714 99.349059
715 99.282591
716 99.216290
717 99.150155
718 99.084187
719 99.018383
720 98.952745
721 98.887271
722 98.821961
723 98.756814
724 98.691830
725 98.627009
726 98.562350
727 98.497852
728 98.433515
729 98.369339
730 98.305322
731 98.241466
732 98.177768
733 98.114229
734 98.050848
735 97.987625
736 97.924559
737 97.861649
738 97.798897
739 97.736299
740 97.673858
741 97.611571
742 97.549438
743 97.487460
744 97.425635
745 97.363964
746 97.302445
747 97.241078
748 97.179863
749 97.118800
750 97.057887
751 96.997125
752 96.936513
753 96.876050
754 96.815737
755 96.755572
756 96.695556
757 96.635688
758 96.575967
759 96.516393
760 96.456966
761 96.397685
762 96.338549
763 96.279560
764 96.220715
765 96.162014
766 96.103458
767 96.045046
768 95.986777
769 95.928650
770 95.870667
771 95.812825
772 95.755125
773 95.697567
774 95.640149
775 95.582872
776 95.525735
777 95.468737
778 95.411879
779 95.355160
780 95.298580
781 95.242138
782 95.185833
783 95.129666
784 95.073636
785 95.017742
786 94.961985
787 94.906363
788 94.850878
789 94.795527
790 94.740311
791 94.685229
792 94.630281
793 94.575467
794 94.520787
795 94.466239
796 94.411823
797 94.357540
798 94.303389
799 94.249369
800 94.195480
801 94.141722
802 94.088094
803 94.034596
804 93.981228
805 93.927989
806 93.874879
807 93.821897
808 93.769044
809 93.716319
810 93.663721
811 93.611251
812 93.558907
813 93.506690
814 93.454599
815 93.402634
816 93.350794
817 93.299079
818 93.247489
819 93.196024
820 93.144683
821 93.093465
822 93.042372
823 92.991401
824 92.940553
825 92.889827
826 92.839224
827 92.788742
828 92.738382
829 92.688143
830 92.638025
831 92.588027
832 92.538150
833 92.488392
834 92.438754
835 92.389235
836 92.339836
837 92.290554
838 92.241391
839 92.192346
840 92.143419
841 92.094609
842 92.045916
843 91.997340
844 91.948880
845 91.900536
846 91.852309
847 91.804196
848 91.756199
849 91.708317
850 91.660549
851 91.612896
852 91.565356
853 91.517930
854 91.470618
855 91.423419
856 91.376332
857 91.329358
858 91.282496
859 91.235747
860 91.189108
861 91.142581
862 91.096166
863 91.049860
864 91.003666
865 90.957581
866 90.911607
867 90.865742
868 90.819986
869 90.774339
870 90.728801
871 90.683372
872 90.638051
873 90.592837
874 90.547732
875 90.502733
876 90.457842
877 90.413057
878 90.368379
879 90.323808
880 90.279342
881 90.234982
882 90.190727
883 90.146578
884 90.102533
885 90.058593
886 90.014757
887 89.971026
888 89.927398
889 89.883873
890 89.840453
891 89.797135
892 89.753919
893 89.710807
894 89.667796
895 89.624888
896 89.582081
897 89.539375
898 89.496771
899 89.454268
900 89.411865
901 89.369563
902 89.327361
903 89.285259
904 89.243256
905 89.201353
906 89.159549
907 89.117844
908 89.076238
909 89.034730
910 88.993320
911 88.952008
912 88.910793
913 88.869676
914 88.828657
915 88.787734
916 88.746907
917 88.706178
918 88.665544
919 88.625006
920 88.584564
921 88.544218
922 88.503966
923 88.463810
924 88.423748
925 88.383781
926 88.343908
927 88.304129
928 88.264444
929 88.224853
930 88.185354
931 88.145949
932 88.106637
933 88.067417
934 88.028290
935 87.989255
936 87.950311
937 87.911460
938 87.872700
939 87.834031
940 87.795453
941 87.756966
942 87.718569
943 87.680263
944 87.642047
945 87.603921
946 87.565884
947 87.527937
948 87.490079
949 87.452310
950 87.414630
951 87.377038
952 87.339535
953 87.302120
954 87.264792
955 87.227553
956 87.190400
957 87.153335
958 87.116357
959 87.079466
960 87.042662
961 87.005943
962 86.969311
963 86.932765
964 86.896305
965 86.859930
966 86.823641
967 86.787436
968 86.751317
969 86.715282
970 86.679332
971 86.643466
972 86.607684
973 86.571985
974 86.536371
975 86.500840
976 86.465392
977 86.430027
978 86.394745
979 86.359546
980 86.324429
981 86.289394
982 86.254441
983 86.219570
984 86.184781
985 86.150073
986 86.115447
987 86.080901
988 86.046436
989 86.012052
990 85.977748
991 85.943525
992 85.909381
993 85.875318
994 85.841333
995 85.807429
996 85.773604
997 85.739857
998 85.706190
999 85.672601
1000 85.639091
1001 85.605659
1002 85.572305
1003 85.539029
1004 85.505831
1005 85.472710
1006 85.439667
1007 85.406701
1008 85.373811
1009 85.340999
1010 85.308263
1011 85.275604
1012 85.243020
1013 85.210513
1014 85.178082
1015 85.145726
1016 85.113446
1017 85.081241
1018 85.049111
1019 85.017056
1020 84.985076
1021 84.953171
1022 84.921340
1023 84.889583
1024 84.857900
1025 84.826291
1026 84.794756
1027 84.763294
1028 84.731905
1029 84.700590
1030 84.669347
1031 84.638178
1032 84.607081
1033 84.576056
1034 84.545104
1035 84.514224
1036 84.483415
1037 84.452679
1038 84.422014
1039 84.391420
1040 84.360898
1041 84.330447
1042 84.300066
1043 84.269757
1044 84.239517
1045 84.209349
1046 84.179250
1047 84.149221
1048 84.119263
1049 84.089374
1050 84.059554
1051 84.029804
1052 84.000123
1053 83.970511
1054 83.940968
1055 83.911494
1056 83.882088
1057 83.852751
1058 83.823482
1059 83.794281
1060 83.765147
1061 83.736082
1062 83.707084
1063 83.678153
1064 83.649290
1065 83.620494
1066 83.591764
1067 83.563102
1068 83.534506
1069 83.505976
1070 83.477513
1071 83.449115
1072 83.420784
1073 83.392519
1074 83.364319
1075 83.336185
1076 83.308116
1077 83.280112
1078 83.252173
1079 83.224299
1080 83.196490
1081 83.168745
1082 83.141065
1083 83.113449
1084 83.085897
1085 83.058409
1086 83.030984
1087 83.003624
1088 82.976327
1089 82.949093
1090 82.921922
1091 82.894815
1092 82.867770
1093 82.840788
1094 82.813869
1095 82.787012
1096 82.760217
1097 82.733485
1098 82.706814
1099 82.680205
1100 82.653658
1101 82.627173
1102 82.600749
1103 82.574386
1104 82.548084
1105 82.521844
1106 82.495664
1107 82.469544
1108 82.443486
1109 82.417487
1110 82.391549
1111 82.365671
1112 82.339853
1113 82.314095
1114 82.288397
1115 82.262758
1116 82.237178
1117 82.211658
1118 82.186197
1119 82.160794
1120 82.135451
1121 82.110166
1122 82.084940
1123 82.059772
1124 82.034663
1125 82.009611
1126 81.984618
1127 81.959683
1128 81.934805
1129 81.909985
1130 81.885222
1131 81.860517
1132 81.835868
1133 81.811277
1134 81.786743
1135 81.762266
1136 81.737845
1137 81.713481
1138 81.689173
1139 81.664921
1140 81.640725
1141 81.616586
1142 81.592502
1143 81.568474
1144 81.544502
1145 81.520585
1146 81.496723
1147 81.472917
1148 81.449165
1149 81.425469
1150 81.401827
1151 81.378240
1152 81.354708
1153 81.331230
1154 81.307806
1155 81.284436
1156 81.261121
1157 81.237859
1158 81.214651
1159 81.191497
1160 81.168396
1161 81.145349
1162 81.122355
1163 81.099414
1164 81.076526
1165 81.053691
1166 81.030909
1167 81.008180
1168 80.985503
1169 80.962878
1170 80.940306
1171 80.917786
1172 80.895318
1173 80.872901
1174 80.850537
1175 80.828224
1176 80.805963
1177 80.783753
1178 80.761595
1179 80.739488
1180 80.717431
1181 80.695426
1182 80.673472
1183 80.651568
1184 80.629715
1185 80.607912
1186 80.586160
1187 80.564458
1188 80.542806
1189 80.521204
1190 80.499652
1191 80.478149
1192 80.456696
1193 80.435293
1194 80.413940
1195 80.392635
1196 80.371380
1197 80.350174
1198 80.329016
1199 80.307908
1200 80.286848
1201 80.265837
1202 80.244874
1203 80.223960
1204 80.203094
1205 80.182277
1206 80.161507
1207 80.140785
1208 80.120111
1209 80.099485
1210 80.078906
1211 80.058375
1212 80.037891
1213 80.017454
1214 79.997065
1215 79.976722
1216 79.956427
1217 79.936178
1218 79.915976
1219 79.895821
1220 79.875712
1221 79.855650
1222 79.835634
1223 79.815664
1224 79.795740
1225 79.775862
1226 79.756029
1227 79.736243
1228 79.716502
1229 79.696807
1230 79.677157
1231 79.657553
1232 79.637993
1233 79.618479
1234 79.599010
1235 79.579585
1236 79.560206
1237 79.540871
1238 79.521581
1239 79.502335
1240 79.483133
1241 79.463976
1242 79.444863
1243 79.425794
1244 79.406769
1245 79.387788
1246 79.368851
1247 79.349957
1248 79.331107
1249 79.312300
1250 79.293536
1251 79.274816
1252 79.256139
1253 79.237505
1254 79.218914
1255 79.200366
1256 79.181860
1257 79.163398
1258 79.144977
1259 79.126599
1260 79.108264
1261 79.089971
1262 79.071720
1263 79.053511
1264 79.035343
1265 79.017218
1266 78.999135
1267 78.981093
1268 78.963093
1269 78.945134
1270 78.927216
1271 78.909340
1272 78.891505
1273 78.873711
1274 78.855959
1275 78.838247
1276 78.820575
1277 78.802945
1278 78.785355
1279 78.767806
1280 78.750297
1281 78.732828
1282 78.715399
1283 78.698011
1284 78.680663
1285 78.663355
1286 78.646086
1287 78.628858
1288 78.611669
1289 78.594519
1290 78.577409
1291 78.560339
1292 78.543307
1293 78.526315
1294 78.509362
1295 78.492449
1296 78.475574
1297 78.458738
1298 78.441940
1299 78.425182
1300 78.408462
1301 78.391780
1302 78.375137
1303 78.358532
1304 78.341965
1305 78.325437
1306 78.308946
1307 78.292494
1308 78.276079
1309 78.259702
1310 78.243363
1311 78.227062
1312 78.210798
1313 78.194571
1314 78.178382
1315 78.162230
1316 78.146115
1317 78.130037
1318 78.113996
1319 78.097993
1320 78.082026
1321 78.066095
1322 78.050202
1323 78.034345
1324 78.018524
1325 78.002740
1326 77.986992
1327 77.971281
1328 77.955605
1329 77.939966
1330 77.924362
1331 77.908795
1332 77.893263
1333 77.877767
1334 77.862307
1335 77.846882
1336 77.831493
1337 77.816139
1338 77.800821
1339 77.785537
1340 77.770289
1341 77.755076
1342 77.739898
1343 77.724755
1344 77.709647
1345 77.694573
1346 77.679534
1347 77.664530
1348 77.649560
1349 77.634625
1350 77.619724
1351 77.604857
1352 77.590025
1353 77.575226
1354 77.560462
1355 77.545731
1356 77.531035
1357 77.516372
1358 77.501743
1359 77.487148
1360 77.472586
1361 77.458057
1362 77.443563
1363 77.429101
1364 77.414673
1365 77.400277
1366 77.385915
1367 77.371586
1368 77.357290
1369 77.343027
1370 77.328797
1371 77.314599
1372 77.300434
1373 77.286301
1374 77.272201
1375 77.258134
1376 77.244099
1377 77.230096
1378 77.216125
1379 77.202186
1380 77.188280
1381 77.174405
1382 77.160562
1383 77.146751
1384 77.132972
1385 77.119225
1386 77.105509
1387 77.091824
1388 77.078171
1389 77.064550
1390 77.050960
1391 77.037401
1392 77.023873
1393 77.010376
1394 76.996910
1395 76.983476
1396 76.970072
1397 76.956699
1398 76.943357
1399 76.930045
1400 76.916764
1401 76.903513
1402 76.890293
1403 76.877104
1404 76.863944
1405 76.850815
1406 76.837716
1407 76.824647
1408 76.811608
1409 76.798600
1410 76.785621
1411 76.772671
1412 76.759752
1413 76.746862
1414 76.734002
1415 76.721172
1416 76.708371
1417 76.695599
1418 76.682857
1419 76.670144
1420 76.657460
1421 76.644806
1422 76.632180
1423 76.619584
1424 76.607016
1425 76.594477
1426 76.581967
1427 76.569486
1428 76.557034
1429 76.544610
1430 76.532214
1431 76.519848
1432 76.507509
1433 76.495199
1434 76.482917
1435 76.470664
1436 76.458438
1437 76.446241
1438 76.434072
1439 76.421930
1440 76.409817
1441 76.397731
1442 76.385673
1443 76.373643
1444 76.361640
1445 76.349665
1446 76.337718
1447 76.325798
1448 76.313905
1449 76.302040
1450 76.290202
1451 76.278391
1452 76.266607
1453 76.254851
1454 76.243121
1455 76.231418
1456 76.219742
1457 76.208093
1458 76.196471
1459 76.184876
1460 76.173307
1461 76.161764
1462 76.150248
1463 76.138759
1464 76.127296
1465 76.115859
1466 76.104449
1467 76.093065
1468 76.081707
1469 76.070375
1470 76.059069
1471 76.047789
1472 76.036535
1473 76.025306
1474 76.014104
1475 76.002927
1476 75.991776
1477 75.980651
1478 75.969551
1479 75.958476
1480 75.947427
1481 75.936404
1482 75.925406
1483 75.914433
1484 75.903485
1485 75.892562
1486 75.881664
1487 75.870792
1488 75.859944
1489 75.849122
1490 75.838324
1491 75.827551
1492 75.816802
1493 75.806079
1494 75.795380
1495 75.784705
1496 75.774055
1497 75.763430
1498 75.752829
1499 75.742252
1500 75.731700
1501 75.721171
1502 75.710667
1503 75.700187
1504 75.689731
1505 75.679300
1506 75.668892
1507 75.658508
1508 75.648147
1509 75.637811
1510 75.627498
1511 75.617209
1512 75.606944
1513 75.596702
1514 75.586484
1515 75.576289
1516 75.566118
1517 75.555970
1518 75.545845
1519 75.535744
1520 75.525665
1521 75.515610
1522 75.505578
1523 75.495569
1524 75.485583
1525 75.475620
1526 75.465679
1527 75.455762
1528 75.445867
1529 75.435995
1530 75.426146
1531 75.416319
1532 75.406515
1533 75.396733
1534 75.386974
1535 75.377237
1536 75.367523
1537 75.357831
1538 75.348161
1539 75.338513
1540 75.328888
1541 75.319284
1542 75.309703
1543 75.300143
1544 75.290606
1545 75.281090
1546 75.271596
1547 75.262125
1548 75.252674
1549 75.243246
1550 75.233839
1551 75.224454
1552 75.215090
1553 75.205748
1554 75.196427
1555 75.187127
1556 75.177849
1557 75.168593
1558 75.159357
1559 75.150143
1560 75.140950
1561 75.131778
1562 75.122626
1563 75.113496
1564 75.104387
1565 75.095299
1566 75.086232
1567 75.077185
1568 75.068160
1569 75.059155
1570 75.050170
1571 75.041207
1572 75.032263
1573 75.023341
1574 75.014439
1575 75.005557
1576 74.996696
1577 74.987855
1578 74.979034
1579 74.970233
1580 74.961453
1581 74.952693
1582 74.943953
1583 74.935233
1584 74.926533
1585 74.917853
1586 74.909193
1587 74.900553
1588 74.891933
1589 74.883332
1590 74.874751
1591 74.866190
1592 74.857649
1593 74.849127
1594 74.840624
1595 74.832141
1596 74.823678
1597 74.815234
1598 74.806810
1599 74.798404
1600 74.790018
1601 74.781652
1602 74.773304
1603 74.764976
1604 74.756667
1605 74.748376
1606 74.740105
1607 74.731853
1608 74.723620
1609 74.715406
1610 74.707210
1611 74.699033
1612 74.690875
1613 74.682736
1614 74.674616
1615 74.666514
1616 74.658431
1617 74.650366
1618 74.642320
1619 74.634292
1620 74.626282
1621 74.618291
1622 74.610319
1623 74.602364
1624 74.594428
1625 74.586510
1626 74.578611
1627 74.570729
1628 74.562866
1629 74.555020
1630 74.547193
1631 74.539383
1632 74.531592
1633 74.523818
1634 74.516062
1635 74.508324
1636 74.500603
1637 74.492901
1638 74.485216
1639 74.477549
1640 74.469899
1641 74.462267
1642 74.454652
1643 74.447055
1644 74.439475
1645 74.431913
1646 74.424368
1647 74.416840
1648 74.409330
1649 74.401836
1650 74.394360
1651 74.386901
1652 74.379460
1653 74.372035
1654 74.364627
1655 74.357237
1656 74.349863
1657 74.342506
1658 74.335166
1659 74.327843
1660 74.320537
1661 74.313248
1662 74.305975
1663 74.298719
1664 74.291479
1665 74.284256
1666 74.277050
1667 74.269860
1668 74.262687
1669 74.255530
1670 74.248390
1671 74.241266
1672 74.234158
1673 74.227067
1674 74.219992
1675 74.212933
1676 74.205891
1677 74.198864
1678 74.191854
1679 74.184860
1680 74.177881
1681 74.170919
1682 74.163973
1683 74.157043
1684 74.150128
1685 74.143230
1686 74.136347
1687 74.129480
1688 74.122629
1689 74.115793
1690 74.108973
1691 74.102169
1692 74.095381
1693 74.088608
1694 74.081850
1695 74.075108
1696 74.068382
1697 74.061671
1698 74.054975
1699 74.048295
1700 74.041630
1701 74.034980
1702 74.028346
1703 74.021727
1704 74.015123
1705 74.008534
1706 74.001960
1707 73.995402
1708 73.988858
1709 73.982329
1710 73.975816
1711 73.969317
1712 73.962833
1713 73.956364
1714 73.949910
1715 73.943471
1716 73.937046
1717 73.930637
1718 73.924242
1719 73.917861
1720 73.911496
1721 73.905144
1722 73.898808
1723 73.892486
1724 73.886178
1725 73.879885
1726 73.873607
1727 73.867342
1728 73.861092
1729 73.854857
1730 73.848636
1731 73.842429
1732 73.836236
1733 73.830057
1734 73.823893
1735 73.817743
1736 73.811607
1737 73.805485
1738 73.799377
1739 73.793283
1740 73.787203
1741 73.781137
1742 73.775085
1743 73.769046
1744 73.763022
1745 73.757011
1746 73.751015
1747 73.745032
1748 73.739062
1749 73.733107
1750 73.727165
1751 73.721236
1752 73.715322
1753 73.709420
1754 73.703533
1755 73.697659
1756 73.691798
1757 73.685951
1758 73.680117
1759 73.674297
1760 73.668490
1761 73.662696
1762 73.656915
1763 73.651148
1764 73.645394
1765 73.639653
1766 73.633926
1767 73.628211
1768 73.622510
1769 73.616822
1770 73.611146
1771 73.605484
1772 73.599835
1773 73.594199
1774 73.588575
1775 73.582965
1776 73.577367
1777 73.571782
1778 73.566211
1779 73.560651
1780 73.555105
1781 73.549571
1782 73.544050
1783 73.538542
1784 73.533046
1785 73.527563
1786 73.522093
1787 73.516635
1788 73.511189
1789 73.505756
1790 73.500336
1791 73.494928
1792 73.489532
1793 73.484149
1794 73.478778
1795 73.473419
1796 73.468073
1797 73.462739
1798 73.457417
1799 73.452107
1800 73.446810
1801 73.441524
1802 73.436251
1803 73.430990
1804 73.425741
1805 73.420504
1806 73.415279
1807 73.410066
1808 73.404865
1809 73.399676
1810 73.394499
1811 73.389334
1812 73.384180
1813 73.379038
1814 73.373908
1815 73.368790
1816 73.363684
1817 73.358589
1818 73.353506
1819 73.348435
1820 73.343375
1821 73.338327
1822 73.333291
1823 73.328266
1824 73.323252
1825 73.318251
1826 73.313260
1827 73.308281
1828 73.303313
1829 73.298357
1830 73.293412
1831 73.288479
1832 73.283557
1833 73.278646
1834 73.273746
1835 73.268858
1836 73.263981
1837 73.259115
1838 73.254260
1839 73.249416
1840 73.244584
1841 73.239762
1842 73.234952
1843 73.230152
1844 73.225364
1845 73.220586
1846 73.215820
1847 73.211064
1848 73.206320
1849 73.201586
1850 73.196863
1851 73.192151
1852 73.187450
1853 73.182759
1854 73.178080
1855 73.173411
1856 73.168752
1857 73.164105
1858 73.159468
1859 73.154842
1860 73.150226
1861 73.145621
1862 73.141026
1863 73.136442
1864 73.131869
1865 73.127306
1866 73.122753
1867 73.118211
1868 73.113680
1869 73.109158
1870 73.104647
1871 73.100147
1872 73.095657
1873 73.091177
1874 73.086707
1875 73.082248
1876 73.077798
1877 73.073359
1878 73.068931
1879 73.064512
1880 73.060103
1881 73.055705
1882 73.051317
1883 73.046938
1884 73.042570
1885 73.038212
1886 73.033864
1887 73.029526
1888 73.025197
1889 73.020879
1890 73.016570
1891 73.012272
1892 73.007983
1893 73.003704
1894 72.999435
1895 72.995176
1896 72.990927
1897 72.986687
1898 72.982457
1899 72.978236
1900 72.974026
1901 72.969825
1902 72.965633
1903 72.961452
1904 72.957280
1905 72.953117
1906 72.948964
1907 72.944820
1908 72.940686
1909 72.936562
1910 72.932447
1911 72.928341
1912 72.924245
1913 72.920158
1914 72.916081
1915 72.912013
1916 72.907954
1917 72.903904
1918 72.899864
1919 72.895833
1920 72.891812
1921 72.887799
1922 72.883796
1923 72.879802
1924 72.875817
1925 72.871841
1926 72.867875
1927 72.863917
1928 72.859969
1929 72.856029
1930 72.852099
1931 72.848177
1932 72.844265
1933 72.840362
1934 72.836467
1935 72.832582
1936 72.828705
1937 72.824837
1938 72.820979
1939 72.817129
1940 72.813287
1941 72.809455
1942 72.805631
1943 72.801817
1944 72.798011
1945 72.794213
1946 72.790425
1947 72.786645
1948 72.782874
1949 72.779111
1950 72.775357
1951 72.771612
1952 72.767875
1953 72.764147
1954 72.760427
1955 72.756716
1956 72.753013
1957 72.749319
1958 72.745634
1959 72.741956
1960 72.738288
1961 72.734627
1962 72.730975
1963 72.727332
1964 72.723697
1965 72.720070
1966 72.716451
1967 72.712841
1968 72.709239
1969 72.705645
1970 72.702060
1971 72.698482
1972 72.694913
1973 72.691353
1974 72.687800
1975 72.684255
1976 72.680719
1977 72.677191
1978 72.673670
1979 72.670158
1980 72.666654
1981 72.663158
1982 72.659670
1983 72.656190
1984 72.652718
1985 72.649254
1986 72.645798
1987 72.642350
1988 72.638909
1989 72.635477
1990 72.632052
1991 72.628636
1992 72.625227
1993 72.621826
1994 72.618432
1995 72.615047
1996 72.611669
1997 72.608299
1998 72.604937
1999 72.601583
2000 72.598236
2001 72.594897
2002 72.591565
2003 72.588241
2004 72.584925
2005 72.581617
2006 72.578316
2007 72.575022
2008 72.571736
2009 72.568458
2010 72.565187
2011 72.561924
2012 72.558668
2013 72.555420
2014 72.552179
2015 72.548945
2016 72.545719
2017 72.542500
2018 72.539289
2019 72.536085
2020 72.532889
2021 72.529699
2022 72.526517
2023 72.523343
2024 72.520175
2025 72.517015
2026 72.513862
2027 72.510717
2028 72.507578
2029 72.504447
2030 72.501323
2031 72.498206
2032 72.495097
2033 72.491994
2034 72.488899
2035 72.485810
2036 72.482729
2037 72.479655
2038 72.476588
2039 72.473527
2040 72.470474
2041 72.467428
2042 72.464389
2043 72.461357
2044 72.458332
2045 72.455314
2046 72.452302
2047 72.449298
2048 72.446300
2049 72.443310
2050 72.440326
2051 72.437349
2052 72.434379
2053 72.431415
2054 72.428459
2055 72.425509
2056 72.422566
2057 72.419630
2058 72.416701
2059 72.413778
2060 72.410862
2061 72.407952
2062 72.405050
2063 72.402154
2064 72.399264
2065 72.396381
2066 72.393505
2067 72.390636
2068 72.387773
2069 72.384916
2070 72.382067
2071 72.379223
2072 72.376386
2073 72.373556
2074 72.370732
2075 72.367915
2076 72.365104
2077 72.362300
2078 72.359502
2079 72.356710
2080 72.353925
2081 72.351146
2082 72.348374
2083 72.345608
2084 72.342848
2085 72.340095
2086 72.337348
2087 72.334607
2088 72.331873
2089 72.329144
2090 72.326422
2091 72.323707
2092 72.320997
2093 72.318294
2094 72.315597
2095 72.312906
2096 72.310221
2097 72.307543
2098 72.304871
2099 72.302204
2100 72.299544
2101 72.296890
2102 72.294242
2103 72.291600
2104 72.288964
2105 72.286335
2106 72.283711
2107 72.281093
2108 72.278482
2109 72.275876
2110 72.273276
2111 72.270682
2112 72.268095
2113 72.265513
2114 72.262937
2115 72.260367
2116 72.257802
2117 72.255244
2118 72.252692
2119 72.250145
2120 72.247604
2121 72.245070
2122 72.242541
2123 72.240017
2124 72.237500
2125 72.234988
2126 72.232482
2127 72.229982
2128 72.227487
2129 72.224999
2130 72.222516
2131 72.220038
2132 72.217567
2133 72.215101
2134 72.212640
2135 72.210186
2136 72.207737
2137 72.205293
2138 72.202855
2139 72.200423
2140 72.197996
2141 72.195575
2142 72.193160
2143 72.190750
2144 72.188345
2145 72.185946
2146 72.183553
2147 72.181165
2148 72.178783
2149 72.176406
2150 72.174034
2151 72.171668
2152 72.169307
2153 72.166952
2154 72.164602
2155 72.162258
2156 72.159918
2157 72.157585
2158 72.155256
2159 72.152933
2160 72.150616
2161 72.148303
2162 72.145996
2163 72.143694
2164 72.141398
2165 72.139106
2166 72.136820
2167 72.134540
2168 72.132264
2169 72.129994
2170 72.127729
2171 72.125469
2172 72.123214
2173 72.120965
2174 72.118720
2175 72.116481
2176 72.114247
2177 72.112018
2178 72.109794
2179 72.107575
2180 72.105362
2181 72.103153
2182 72.100950
2183 72.098751
2184 72.096558
2185 72.094369
2186 72.092186
2187 72.090008
2188 72.087834
2189 72.085666
2190 72.083503
2191 72.081344
2192 72.079191
2193 72.077042
2194 72.074899
2195 72.072760
2196 72.070626
2197 72.068497
2198 72.066373
2199 72.064254
2200 72.062140
2201 72.060030
2202 72.057926
2203 72.055826
2204 72.053731
2205 72.051641
2206 72.049556
2207 72.047475
2208 72.045399
2209 72.043328
2210 72.041262
2211 72.039201
2212 72.037144
2213 72.035092
2214 72.033044
2215 72.031002
2216 72.028964
2217 72.026930
2218 72.024902
2219 72.022878
2220 72.020859
2221 72.018844
2222 72.016834
2223 72.014828
2224 72.012827
2225 72.010831
2226 72.008839
2227 72.006852
2228 72.004870
2229 72.002892
2230 72.000918
2231 71.998949
2232 71.996985
2233 71.995025
2234 71.993070
2235 71.991119
2236 71.989172
2237 71.987230
2238 71.985293
2239 71.983359
2240 71.981431
2241 71.979507
2242 71.977587
2243 71.975671
2244 71.973760
2245 71.971854
2246 71.969951
2247 71.968054
2248 71.966160
2249 71.964271
2250 71.962386
2251 71.960505
2252 71.958629
2253 71.956757
2254 71.954890
2255 71.953026
2256 71.951167
2257 71.949312
2258 71.947462
2259 71.945616
2260 71.943774
2261 71.941936
2262 71.940102
2263 71.938273
2264 71.936447
2265 71.934626
2266 71.932810
2267 71.930997
2268 71.929188
2269 71.927384
2270 71.925584
2271 71.923788
2272 71.921996
2273 71.920208
2274 71.918424
2275 71.916645
2276 71.914869
2277 71.913097
2278 71.911330
2279 71.909567
2280 71.907807
2281 71.906052
2282 71.904301
2283 71.902553
2284 71.900810
2285 71.899071
2286 71.897336
2287 71.895604
2288 71.893877
2289 71.892154
2290 71.890434
2291 71.888719
2292 71.887008
2293 71.885300
2294 71.883596
2295 71.881897
2296 71.880201
2297 71.878509
2298 71.876821
2299 71.875137
2300 71.873456
2301 71.871780
2302 71.870107
2303 71.868438
2304 71.866773
2305 71.865112
2306 71.863455
2307 71.861801
2308 71.860152
2309 71.858506
2310 71.856864
2311 71.855225
2312 71.853591
2313 71.851960
2314 71.850333
2315 71.848709
2316 71.847090
2317 71.845474
2318 71.843861
2319 71.842253
2320 71.840648
2321 71.839047
2322 71.837449
2323 71.835855
2324 71.834265
2325 71.832679
2326 71.831096
2327 71.829517
2328 71.827941
2329 71.826369
2330 71.824801
2331 71.823236
2332 71.821675
2333 71.820117
2334 71.818563
2335 71.817012
2336 71.815465
2337 71.813922
2338 71.812382
2339 71.810846
2340 71.809313
2341 71.807784
2342 71.806258
2343 71.804736
2344 71.803217
2345 71.801702
2346 71.800190
2347 71.798682
2348 71.797177
2349 71.795676
2350 71.794178
2351 71.792683
2352 71.791192
2353 71.789704
2354 71.788220
2355 71.786739
2356 71.785262
2357 71.783788
2358 71.782317
2359 71.780850
2360 71.779386
2361 71.777925
2362 71.776468
2363 71.775014
2364 71.773564
2365 71.772117
2366 71.770673
2367 71.769232
2368 71.767795
2369 71.766361
2370 71.764930
2371 71.763503
2372 71.762079
2373 71.760658
2374 71.759240
2375 71.757826
2376 71.756415
2377 71.755007
2378 71.753602
2379 71.752201
2380 71.750803
2381 71.749408
2382 71.748016
2383 71.746628
2384 71.745242
2385 71.743860
2386 71.742481
2387 71.741105
2388 71.739733
2389 71.738363
2390 71.736997
2391 71.735633
2392 71.734273
2393 71.732916
2394 71.731562
2395 71.730212
2396 71.728864
2397 71.727519
2398 71.726178
2399 71.724839
2400 71.723504
2401 71.722172
2402 71.720842
2403 71.719516
2404 71.718193
2405 71.716873
2406 71.715556
2407 71.714242
2408 71.712931
2409 71.711623
2410 71.710318
2411 71.709016
2412 71.707717
2413 71.706421
2414 71.705128
2415 71.703838
2416 71.702551
2417 71.701266
2418 71.699985
2419 71.698707
2420 71.697431
2421 71.696159
2422 71.694890
2423 71.693623
2424 71.692359
2425 71.691098
2426 71.689841
2427 71.688586
2428 71.687333
2429 71.686084
2430 71.684838
2431 71.683594
2432 71.682354
2433 71.681116
2434 71.679881
2435 71.678649
2436 71.677419
2437 71.676193
2438 71.674969
2439 71.673748
2440 71.672530
2441 71.671315
2442 71.670103
2443 71.668893
2444 71.667686
2445 71.666482
2446 71.665281
2447 71.664082
2448 71.662886
2449 71.661693
2450 71.660503
2451 71.659315
2452 71.658130
2453 71.656948
2454 71.655768
2455 71.654592
2456 71.653417
2457 71.652246
2458 71.651077
2459 71.649911
2460 71.648748
2461 71.647587
2462 71.646429
2463 71.645274
2464 71.644121
2465 71.642971
2466 71.641824
2467 71.640679
2468 71.639537
2469 71.638398
2470 71.637261
2471 71.636127
2472 71.634995
2473 71.633866
2474 71.632739
2475 71.631615
2476 71.630494
2477 71.629375
2478 71.628259
2479 71.627146
2480 71.626035
2481 71.624926
2482 71.623820
2483 71.622717
2484 71.621616
2485 71.620517
2486 71.619422
2487 71.618328
2488 71.617238
2489 71.616149
2490 71.615063
2491 71.613980
2492 71.612899
2493 71.611821
2494 71.610745
2495 71.609672
2496 71.608601
2497 71.607532
2498 71.606466
2499 71.605403
2500 71.604342
2501 71.603283
2502 71.602227
2503 71.601173
2504 71.600122
2505 71.599073
2506 71.598026
2507 71.596982
2508 71.595940
2509 71.594901
2510 71.593864
2511 71.592829
2512 71.591797
2513 71.590767
2514 71.589739
2515 71.588714
2516 71.587692
2517 71.586671
2518 71.585653
2519 71.584637
2520 71.583624
2521 71.582613
2522 71.581604
2523 71.580598
2524 71.579593
2525 71.578592
2526 71.577592
2527 71.576595
2528 71.575600
2529 71.574607
2530 71.573617
2531 71.572629
2532 71.571643
2533 71.570659
2534 71.569678
2535 71.568699
2536 71.567722
2537 71.566748
2538 71.565775
2539 71.564805
2540 71.563837
2541 71.562872
2542 71.561908
2543 71.560947
2544 71.559988
2545 71.559031
2546 71.558077
2547 71.557124
2548 71.556174
2549 71.555226
2550 71.554280
2551 71.553336
2552 71.552395
2553 71.551455
2554 71.550518
2555 71.549583
2556 71.548650
2557 71.547719
2558 71.546791
2559 71.545864
2560 71.544940
2561 71.544018
2562 71.543098
2563 71.542180
2564 71.541264
2565 71.540350
2566 71.539438
2567 71.538529
2568 71.537621
2569 71.536716
2570 71.535812
2571 71.534911
2572 71.534012
2573 71.533115
2574 71.532220
2575 71.531327
2576 71.530436
2577 71.529547
2578 71.528660
2579 71.527775
2580 71.526892
2581 71.526012
2582 71.525133
2583 71.524256
2584 71.523381
2585 71.522509
2586 71.521638
2587 71.520769
2588 71.519903
2589 71.519038
2590 71.518175
2591 71.517314
2592 71.516456
2593 71.515599
2594 71.514744
2595 71.513891
2596 71.513040
2597 71.512191
2598 71.511344
2599 71.510499
2600 71.509656
2601 71.508815
2602 71.507976
2603 71.507138
2604 71.506303
2605 71.505470
2606 71.504638
2607 71.503808
2608 71.502981
2609 71.502155
2610 71.501331
2611 71.500509
2612 71.499689
2613 71.498870
2614 71.498054
2615 71.497239
2616 71.496427
2617 71.495616
2618 71.494807
2619 71.494000
2620 71.493195
2621 71.492392
2622 71.491590
2623 71.490790
2624 71.489993
2625 71.489197
2626 71.488402
2627 71.487610
2628 71.486820
2629 71.486031
2630 71.485244
2631 71.484459
2632 71.483676
2633 71.482894
2634 71.482114
2635 71.481337
2636 71.480560
2637 71.479786
2638 71.479014
2639 71.478243
2640 71.477474
2641 71.476707
2642 71.475941
2643 71.475178
2644 71.474416
2645 71.473655
2646 71.472897
2647 71.472140
2648 71.471385
2649 71.470632
2650 71.469881
2651 71.469131
2652 71.468383
2653 71.467636
2654 71.466892
2655 71.466149
2656 71.465408
2657 71.464668
2658 71.463930
2659 71.463194
2660 71.462460
2661 71.461727
2662 71.460996
2663 71.460267
2664 71.459539
2665 71.458813
2666 71.458089
2667 71.457366
2668 71.456645
2669 71.455926
2670 71.455208
2671 71.454492
2672 71.453778
2673 71.453065
2674 71.452354
2675 71.451644
2676 71.450936
2677 71.450230
2678 71.449526
2679 71.448823
2680 71.448121
2681 71.447422
2682 71.446723
2683 71.446027
2684 71.445332
2685 71.444639
2686 71.443947
2687 71.443257
2688 71.442568
2689 71.441881
2690 71.441196
2691 71.440512
2692 71.439830
2693 71.439149
2694 71.438470
2695 71.437792
2696 71.437116
2697 71.436442
2698 71.435769
2699 71.435097
2700 71.434428
2701 71.433759
2702 71.433093
2703 71.432427
2704 71.431764
2705 71.431102
2706 71.430441
2707 71.429782
2708 71.429124
2709 71.428468
2710 71.427814
2711 71.427161
2712 71.426509
2713 71.425859
2714 71.425210
2715 71.424563
2716 71.423918
2717 71.423274
2718 71.422631
2719 71.421990
2720 71.421350
2721 71.420712
2722 71.420075
2723 71.419440
2724 71.418806
2725 71.418174
2726 71.417543
2727 71.416913
2728 71.416285
2729 71.415659
2730 71.415034
2731 71.414410
2732 71.413788
2733 71.413167
2734 71.412547
2735 71.411930
2736 71.411313
2737 71.410698
2738 71.410084
2739 71.409472
2740 71.408861
2741 71.408251
2742 71.407643
2743 71.407037
2744 71.406431
2745 71.405827
2746 71.405225
2747 71.404624
2748 71.404024
2749 71.403426
2750 71.402829
2751 71.402233
2752 71.401639
2753 71.401046
2754 71.400454
2755 71.399864
2756 71.399275
2757 71.398688
2758 71.398102
2759 71.397517
2760 71.396934
2761 71.396352
2762 71.395771
2763 71.395192
2764 71.394614
2765 71.394037
2766 71.393461
2767 71.392887
2768 71.392315
2769 71.391743
2770 71.391173
2771 71.390604
2772 71.390037
2773 71.389470
2774 71.388906
2775 71.388342
2776 71.387780
2777 71.387219
2778 71.386659
2779 71.386101
2780 71.385543
2781 71.384988
2782 71.384433
2783 71.383880
2784 71.383328
2785 71.382777
2786 71.382227
2787 71.381679
2788 71.381132
2789 71.380586
2790 71.380042
2791 71.379499
2792 71.378957
2793 71.378416
2794 71.377877
2795 71.377338
2796 71.376801
2797 71.376266
2798 71.375731
2799 71.375198
2800 71.374666
2801 71.374135
2802 71.373605
2803 71.373077
2804 71.372550
2805 71.372024
2806 71.371499
2807 71.370975
2808 71.370453
2809 71.369932
2810 71.369412
2811 71.368893
2812 71.368376
2813 71.367859
2814 71.367344
2815 71.366830
2816 71.366317
2817 71.365806
2818 71.365295
2819 71.364786
2820 71.364278
2821 71.363771
2822 71.363265
2823 71.362760
2824 71.362257
2825 71.361755
2826 71.361253
2827 71.360753
2828 71.360255
2829 71.359757
2830 71.359260
2831 71.358765
2832 71.358271
2833 71.357778
2834 71.357286
2835 71.356795
2836 71.356305
2837 71.355816
2838 71.355329
2839 71.354843
2840 71.354357
2841 71.353873
2842 71.353390
2843 71.352908
2844 71.352428
2845 71.351948
2846 71.351469
2847 71.350992
2848 71.350515
2849 71.350040
2850 71.349566
2851 71.349093
2852 71.348621
2853 71.348150
2854 71.347680
2855 71.347211
2856 71.346744
2857 71.346277
2858 71.345812
2859 71.345347
2860 71.344884
2861 71.344421
2862 71.343960
2863 71.343500
2864 71.343041
2865 71.342583
2866 71.342126
2867 71.341670
2868 71.341215
2869 71.340761
2870 71.340308
2871 71.339856
2872 71.339406
2873 71.338956
2874 71.338507
2875 71.338060
2876 71.337613
2877 71.337167
2878 71.336723
2879 71.336279
2880 71.335837
2881 71.335395
2882 71.334955
2883 71.334515
2884 71.334077
2885 71.333640
2886 71.333203
2887 71.332768
2888 71.332333
2889 71.331900
2890 71.331467
2891 71.331036
2892 71.330605
2893 71.330176
2894 71.329748
2895 71.329320
2896 71.328894
2897 71.328468
2898 71.328044
2899 71.327620
2900 71.327197
2901 71.326776
2902 71.326355
2903 71.325935
2904 71.325517
2905 71.325099
2906 71.324682
2907 71.324266
2908 71.323852
2909 71.323438
2910 71.323025
2911 71.322613
2912 71.322202
2913 71.321792
2914 71.321382
2915 71.320974
2916 71.320567
2917 71.320161
2918 71.319755
2919 71.319351
2920 71.318947
2921 71.318545
2922 71.318143
2923 71.317742
2924 71.317342
2925 71.316943
2926 71.316545
2927 71.316148
2928 71.315752
2929 71.315357
2930 71.314962
2931 71.314569
2932 71.314176
2933 71.313785
2934 71.313394
2935 71.313004
2936 71.312615
2937 71.312227
2938 71.311840
2939 71.311454
2940 71.311069
2941 71.310684
2942 71.310301
2943 71.309918
2944 71.309536
2945 71.309155
2946 71.308775
2947 71.308396
2948 71.308017
2949 71.307640
2950 71.307263
2951 71.306888
2952 71.306513
2953 71.306139
2954 71.305766
2955 71.305394
2956 71.305022
2957 71.304652
2958 71.304282
2959 71.303913
2960 71.303545
2961 71.303178
2962 71.302812
2963 71.302446
2964 71.302082
2965 71.301718
2966 71.301355
2967 71.300993
2968 71.300631
2969 71.300271
2970 71.299911
2971 71.299553
2972 71.299195
2973 71.298838
2974 71.298481
2975 71.298126
2976 71.297771
2977 71.297417
2978 71.297064
2979 71.296712
2980 71.296361
2981 71.296010
2982 71.295660
2983 71.295311
2984 71.294963
2985 71.294616
2986 71.294269
2987 71.293923
2988 71.293578
2989 71.293234
2990 71.292891
2991 71.292548
2992 71.292206
2993 71.291865
2994 71.291525
2995 71.291186
2996 71.290847
2997 71.290509
2998 71.290172
2999 71.289836
3000 71.289500
3001 71.289165
3002 71.288831
3003 71.288498
3004 71.288166
3005 71.287834
3006 71.287503
3007 71.287173
3008 71.286843
3009 71.286515
3010 71.286187
3011 71.285860
3012 71.285533
3013 71.285207
3014 71.284883
3015 71.284558
3016 71.284235
3017 71.283912
3018 71.283590
3019 71.283269
3020 71.282949
3021 71.282629
3022 71.282310
3023 71.281992
3024 71.281674
3025 71.281358
3026 71.281042
3027 71.280726
3028 71.280412
3029 71.280098
3030 71.279785
3031 71.279472
3032 71.279161
3033 71.278850
3034 71.278540
3035 71.278230
3036 71.277921
3037 71.277613
3038 71.277306
3039 71.276999
3040 71.276693
3041 71.276388
3042 71.276083
3043 71.275779
3044 71.275476
3045 71.275174
3046 71.274872
3047 71.274571
3048 71.274270
3049 71.273971
3050 71.273672
3051 71.273373
3052 71.273076
3053 71.272779
3054 71.272483
3055 71.272187
3056 71.271892
3057 71.271598
3058 71.271304
3059 71.271012
3060 71.270719
3061 71.270428
3062 71.270137
3063 71.269847
3064 71.269557
3065 71.269269
3066 71.268980
3067 71.268693
3068 71.268406
3069 71.268120
3070 71.267834
3071 71.267549
3072 71.267265
3073 71.266982
3074 71.266699
3075 71.266417
3076 71.266135
3077 71.265854
3078 71.265574
3079 71.265294
3080 71.265015
3081 71.264737
3082 71.264459
3083 71.264182
3084 71.263906
3085 71.263630
3086 71.263355
3087 71.263080
3088 71.262806
3089 71.262533
3090 71.262260
3091 71.261988
3092 71.261717
3093 71.261446
3094 71.261176
3095 71.260907
3096 71.260638
3097 71.260369
3098 71.260102
3099 71.259835
3100 71.259568
3101 71.259303
3102 71.259037
3103 71.258773
3104 71.258509
3105 71.258245
3106 71.257983
3107 71.257721
3108 71.257459
3109 71.257198
3110 71.256938
3111 71.256678
3112 71.256419
3113 71.256160
3114 71.255902
3115 71.255645
3116 71.255388
3117 71.255132
3118 71.254877
3119 71.254622
3120 71.254367
3121 71.254113
3122 71.253860
3123 71.253608
3124 71.253356
3125 71.253104
3126 71.252853
3127 71.252603
3128 71.252353
3129 71.252104
3130 71.251855
3131 71.251607
3132 71.251360
3133 71.251113
3134 71.250867
3135 71.250621
3136 71.250376
3137 71.250131
3138 71.249887
3139 71.249644
3140 71.249401
3141 71.249159
3142 71.248917
3143 71.248676
3144 71.248435
3145 71.248195
3146 71.247955
3147 71.247716
3148 71.247478
3149 71.247240
3150 71.247003
3151 71.246766
3152 71.246529
3153 71.246294
3154 71.246059
3155 71.245824
3156 71.245590
3157 71.245356
3158 71.245123
3159 71.244891
3160 71.244659
3161 71.244428
3162 71.244197
3163 71.243966
3164 71.243737
3165 71.243507
3166 71.243278
3167 71.243050
3168 71.242823
3169 71.242595
3170 71.242369
3171 71.242143
3172 71.241917
3173 71.241692
3174 71.241467
3175 71.241243
3176 71.241020
3177 71.240797
3178 71.240574
3179 71.240352
3180 71.240131
3181 71.239910
3182 71.239690
3183 71.239470
3184 71.239250
3185 71.239031
3186 71.238813
3187 71.238595
3188 71.238378
3189 71.238161
3190 71.237944
3191 71.237728
3192 71.237513
3193 71.237298
3194 71.237084
3195 71.236870
3196 71.236656
3197 71.236443
3198 71.236231
3199 71.236019
3200 71.235808
3201 71.235597
3202 71.235386
3203 71.235176
3204 71.234967
3205 71.234758
3206 71.234549
3207 71.234341
3208 71.234133
3209 71.233926
3210 71.233720
3211 71.233513
3212 71.233308
3213 71.233103
3214 71.232898
3215 71.232694
3216 71.232490
3217 71.232287
3218 71.232084
3219 71.231881
3220 71.231679
3221 71.231478
3222 71.231277
3223 71.231076
3224 71.230876
3225 71.230677
3226 71.230478
3227 71.230279
3228 71.230081
3229 71.229883
3230 71.229686
3231 71.229489
3232 71.229293
3233 71.229097
3234 71.228901
3235 71.228706
3236 71.228512
3237 71.228317
3238 71.228124
3239 71.227931
3240 71.227738
3241 71.227545
3242 71.227354
3243 71.227162
3244 71.226971
3245 71.226781
3246 71.226590
3247 71.226401
3248 71.226211
3249 71.226023
3250 71.225834
3251 71.225646
3252 71.225459
3253 71.225272
3254 71.225085
3255 71.224899
3256 71.224713
3257 71.224528
3258 71.224343
3259 71.224158
3260 71.223974
3261 71.223791
3262 71.223607
3263 71.223425
3264 71.223242
3265 71.223060
3266 71.222879
3267 71.222698
3268 71.222517
3269 71.222337
3270 71.222157
3271 71.221977
3272 71.221798
3273 71.221620
3274 71.221442
3275 71.221264
3276 71.221086
3277 71.220909
3278 71.220733
3279 71.220557
3280 71.220381
3281 71.220206
3282 71.220031
3283 71.219856
3284 71.219682
3285 71.219508
3286 71.219335
3287 71.219162
3288 71.218990
3289 71.218817
3290 71.218646
3291 71.218474
3292 71.218303
3293 71.218133
3294 71.217963
3295 71.217793
3296 71.217624
3297 71.217455
3298 71.217286
3299 71.217118
3300 71.216950
3301 71.216783
3302 71.216616
3303 71.216449
3304 71.216283
3305 71.216117
3306 71.215951
3307 71.215786
3308 71.215622
3309 71.215457
3310 71.215293
3311 71.215130
3312 71.214967
3313 71.214804
3314 71.214641
3315 71.214479
3316 71.214318
3317 71.214156
3318 71.213995
3319 71.213835
3320 71.213674
3321 71.213515
3322 71.213355
3323 71.213196
3324 71.213037
3325 71.212879
3326 71.212721
3327 71.212563
3328 71.212406
3329 71.212249
3330 71.212093
3331 71.211936
3332 71.211781
3333 71.211625
3334 71.211470
3335 71.211315
3336 71.211161
3337 71.211007
3338 71.210853
3339 71.210700
3340 71.210547
3341 71.210394
3342 71.210242
3343 71.210090
3344 71.209939
3345 71.209787
3346 71.209637
3347 71.209486
3348 71.209336
3349 71.209186
3350 71.209037
3351 71.208888
3352 71.208739
3353 71.208590
3354 71.208442
3355 71.208295
3356 71.208147
3357 71.208000
3358 71.207853
3359 71.207707
3360 71.207561
3361 71.207415
3362 71.207270
3363 71.207125
3364 71.206980
3365 71.206836
3366 71.206692
3367 71.206548
3368 71.206405
3369 71.206262
3370 71.206119
3371 71.205977
3372 71.205835
3373 71.205693
3374 71.205552
3375 71.205411
3376 71.205270
3377 71.205129
3378 71.204989
3379 71.204850
3380 71.204710
3381 71.204571
3382 71.204432
3383 71.204294
3384 71.204156
3385 71.204018
3386 71.203880
3387 71.203743
3388 71.203606
3389 71.203470
3390 71.203334
3391 71.203198
3392 71.203062
3393 71.202927
3394 71.202792
3395 71.202657
3396 71.202523
3397 71.202389
3398 71.202255
3399 71.202122
3400 71.201989
3401 71.201856
3402 71.201723
3403 71.201591
3404 71.201459
3405 71.201328
3406 71.201196
3407 71.201065
3408 71.200935
3409 71.200804
3410 71.200674
3411 71.200544
3412 71.200415
3413 71.200286
3414 71.200157
3415 71.200028
3416 71.199900
3417 71.199772
3418 71.199645
3419 71.199517
3420 71.199390
3421 71.199263
3422 71.199137
3423 71.199011
3424 71.198885
3425 71.198759
3426 71.198634
3427 71.198509
3428 71.198384
3429 71.198259
3430 71.198135
3431 71.198011
3432 71.197888
3433 71.197765
3434 71.197641
3435 71.197519
3436 71.197396
3437 71.197274
3438 71.197152
3439 71.197031
3440 71.196909
3441 71.196788
3442 71.196668
3443 71.196547
3444 71.196427
3445 71.196307
3446 71.196187
3447 71.196068
3448 71.195949
3449 71.195830
3450 71.195711
3451 71.195593
3452 71.195475
3453 71.195357
3454 71.195240
3455 71.195123
3456 71.195006
3457 71.194889
3458 71.194773
3459 71.194657
3460 71.194541
3461 71.194425
3462 71.194310
3463 71.194195
3464 71.194080
3465 71.193966
3466 71.193852
3467 71.193738
3468 71.193624
3469 71.193511
3470 71.193397
3471 71.193284
3472 71.193172
3473 71.193059
3474 71.192947
3475 71.192835
3476 71.192724
3477 71.192613
3478 71.192501
3479 71.192391
3480 71.192280
3481 71.192170
3482 71.192060
3483 71.191950
3484 71.191840
3485 71.191731
3486 71.191622
3487 71.191513
3488 71.191405
3489 71.191296
3490 71.191188
3491 71.191080
3492 71.190973
3493 71.190866
3494 71.190759
3495 71.190652
3496 71.190545
3497 71.190439
3498 71.190333
3499 71.190227
3500 71.190122
3501 71.190016
3502 71.189911
3503 71.189806
3504 71.189702
3505 71.189597
3506 71.189493
3507 71.189389
3508 71.189286
3509 71.189182
3510 71.189079
3511 71.188976
3512 71.188874
3513 71.188771
3514 71.188669
3515 71.188567
3516 71.188466
3517 71.188364
3518 71.188263
3519 71.188162
3520 71.188061
3521 71.187960
3522 71.187860
3523 71.187760
3524 71.187660
3525 71.187561
3526 71.187461
3527 71.187362
3528 71.187263
3529 71.187165
3530 71.187066
3531 71.186968
3532 71.186870
3533 71.186772
3534 71.186675
3535 71.186577
3536 71.186480
3537 71.186383
3538 71.186287
3539 71.186190
3540 71.186094
3541 71.185998
3542 71.185902
3543 71.185807
3544 71.185711
3545 71.185616
3546 71.185521
3547 71.185427
3548 71.185332
3549 71.185238
3550 71.185144
3551 71.185050
3552 71.184957
3553 71.184864
3554 71.184770
3555 71.184678
3556 71.184585
3557 71.184492
3558 71.184400
3559 71.184308
3560 71.184216
3561 71.184125
3562 71.184033
3563 71.183942
3564 71.183851
3565 71.183760
3566 71.183670
3567 71.183579
3568 71.183489
3569 71.183399
3570 71.183310
3571 71.183220
3572 71.183131
3573 71.183042
3574 71.182953
3575 71.182864
3576 71.182776
3577 71.182687
3578 71.182599
3579 71.182511
3580 71.182424
3581 71.182336
3582 71.182249
3583 71.182162
3584 71.182075
3585 71.181988
3586 71.181902
3587 71.181816
3588 71.181730
3589 71.181644
3590 71.181558
3591 71.181473
3592 71.181388
3593 71.181302
3594 71.181218
3595 71.181133
3596 71.181048
3597 71.180964
3598 71.180880
3599 71.180796
3600 71.180713
3601 71.180629
3602 71.180546
3603 71.180463
3604 71.180380
3605 71.180297
3606 71.180215
3607 71.180132
3608 71.180050
3609 71.179968
3610 71.179886
3611 71.179805
3612 71.179724
3613 71.179642
3614 71.179561
3615 71.179481
3616 71.179400
3617 71.179319
3618 71.179239
3619 71.179159
3620 71.179079
3621 71.179000
3622 71.178920
3623 71.178841
3624 71.178762
3625 71.178683
3626 71.178604
3627 71.178525
3628 71.178447
3629 71.178369
3630 71.178291
3631 71.178213
3632 71.178135
3633 71.178058
3634 71.177980
3635 71.177903
3636 71.177826
3637 71.177749
3638 71.177673
3639 71.177596
3640 71.177520
3641 71.177444
3642 71.177368
3643 71.177292
3644 71.177217
3645 71.177142
3646 71.177066
3647 71.176991
3648 71.176917
3649 71.176842
3650 71.176767
3651 71.176693
3652 71.176619
3653 71.176545
3654 71.176471
3655 71.176398
3656 71.176324
3657 71.176251
3658 71.176178
3659 71.176105
3660 71.176032
3661 71.175959
3662 71.175887
3663 71.175815
3664 71.175743
3665 71.175671
3666 71.175599
3667 71.175527
3668 71.175456
3669 71.175385
3670 71.175313
3671 71.175242
3672 71.175172
3673 71.175101
3674 71.175031
3675 71.174960
3676 71.174890
3677 71.174820
3678 71.174751
3679 71.174681
3680 71.174611
3681 71.174542
3682 71.174473
3683 71.174404
3684 71.174335
3685 71.174267
3686 71.174198
3687 71.174130
3688 71.174062
3689 71.173993
3690 71.173926
3691 71.173858
3692 71.173790
3693 71.173723
3694 71.173656
3695 71.173589
3696 71.173522
3697 71.173455
3698 71.173388
3699 71.173322
3700 71.173256
3701 71.173189
3702 71.173123
3703 71.173058
3704 71.172992
3705 71.172926
3706 71.172861
3707 71.172796
3708 71.172731
3709 71.172666
3710 71.172601
3711 71.172536
3712 71.172472
3713 71.172408
3714 71.172343
3715 71.172279
3716 71.172215
3717 71.172152
3718 71.172088
3719 71.172025
3720 71.171961
3721 71.171898
3722 71.171835
3723 71.171772
3724 71.171710
3725 71.171647
3726 71.171585
3727 71.171523
3728 71.171460
3729 71.171398
3730 71.171337
3731 71.171275
3732 71.171213
3733 71.171152
3734 71.171091
3735 71.171030
3736 71.170969
3737 71.170908
3738 71.170847
3739 71.170787
3740 71.170726
3741 71.170666
3742 71.170606
3743 71.170546
3744 71.170486
3745 71.170426
3746 71.170367
3747 71.170307
3748 71.170248
3749 71.170189
3750 71.170130
3751 71.170071
3752 71.170012
3753 71.169954
3754 71.169895
3755 71.169837
3756 71.169779
3757 71.169721
3758 71.169663
3759 71.169605
3760 71.169547
3761 71.169490
3762 71.169432
3763 71.169375
3764 71.169318
3765 71.169261
3766 71.169204
3767 71.169148
3768 71.169091
3769 71.169034
3770 71.168978
3771 71.168922
3772 71.168866
3773 71.168810
3774 71.168754
3775 71.168699
3776 71.168643
3777 71.168588
3778 71.168532
3779 71.168477
3780 71.168422
3781 71.168367
3782 71.168312
3783 71.168258
3784 71.168203
3785 71.168149
3786 71.168095
3787 71.168041
3788 71.167987
3789 71.167933
3790 71.167879
3791 71.167825
3792 71.167772
3793 71.167718
3794 71.167665
3795 71.167612
3796 71.167559
3797 71.167506
3798 71.167453
3799 71.167401
3800 71.167348
3801 71.167296
3802 71.167244
3803 71.167191
3804 71.167139
3805 71.167088
3806 71.167036
3807 71.166984
3808 71.166933
3809 71.166881
3810 71.166830
3811 71.166779
3812 71.166728
3813 71.166677
3814 71.166626
3815 71.166575
3816 71.166525
3817 71.166474
3818 71.166424
3819 71.166374
3820 71.166323
3821 71.166273
3822 71.166224
3823 71.166174
3824 71.166124
3825 71.166075
3826 71.166025
3827 71.165976
3828 71.165927
3829 71.165878
3830 71.165829
3831 71.165780
3832 71.165731
3833 71.165682
3834 71.165634
3835 71.165586
3836 71.165537
3837 71.165489
3838 71.165441
3839 71.165393
3840 71.165345
3841 71.165298
3842 71.165250
3843 71.165203
3844 71.165155
3845 71.165108
3846 71.165061
3847 71.165014
3848 71.164967
3849 71.164920
3850 71.164873
3851 71.164827
3852 71.164780
3853 71.164734
3854 71.164687
3855 71.164641
3856 71.164595
3857 71.164549
3858 71.164503
3859 71.164458
3860 71.164412
3861 71.164366
3862 71.164321
3863 71.164276
3864 71.164230
3865 71.164185
3866 71.164140
3867 71.164095
3868 71.164051
3869 71.164006
3870 71.163961
3871 71.163917
3872 71.163872
3873 71.163828
3874 71.163784
3875 71.163740
3876 71.163696
3877 71.163652
3878 71.163608
3879 71.163565
3880 71.163521
3881 71.163478
3882 71.163434
3883 71.163391
3884 71.163348
3885 71.163305
3886 71.163262
3887 71.163219
3888 71.163176
3889 71.163134
3890 71.163091
3891 71.163049
3892 71.163006
3893 71.162964
3894 71.162922
3895 71.162880
3896 71.162838
3897 71.162796
3898 71.162754
3899 71.162713
3900 71.162671
3901 71.162630
3902 71.162588
3903 71.162547
3904 71.162506
3905 71.162465
3906 71.162424
3907 71.162383
3908 71.162342
3909 71.162301
3910 71.162261
3911 71.162220
3912 71.162180
3913 71.162140
3914 71.162099
3915 71.162059
3916 71.162019
3917 71.161979
3918 71.161939
3919 71.161900
3920 71.161860
3921 71.161820
3922 71.161781
3923 71.161741
3924 71.161702
3925 71.161663
3926 71.161624
3927 71.161585
3928 71.161546
3929 71.161507
3930 71.161468
3931 71.161430
3932 71.161391
3933 71.161353
3934 71.161314
3935 71.161276
3936 71.161238
3937 71.161200
3938 71.161162
3939 71.161124
3940 71.161086
3941 71.161048
3942 71.161010
3943 71.160973
3944 71.160935
3945 71.160898
3946 71.160861
3947 71.160823
3948 71.160786
3949 71.160749
3950 71.160712
3951 71.160675
3952 71.160639
3953 71.160602
3954 71.160565
3955 71.160529
3956 71.160492
3957 71.160456
3958 71.160420
3959 71.160383
3960 71.160347
3961 71.160311
3962 71.160275
3963 71.160239
3964 71.160204
3965 71.160168
3966 71.160132
3967 71.160097
3968 71.160061
3969 71.160026
3970 71.159991
3971 71.159956
3972 71.159920
3973 71.159885
3974 71.159850
3975 71.159816
3976 71.159781
3977 71.159746
3978 71.159712
3979 71.159677
3980 71.159643
3981 71.159608
3982 71.159574
3983 71.159540
3984 71.159505
3985 71.159471
3986 71.159437
3987 71.159404
3988 71.159370
3989 71.159336
3990 71.159302
3991 71.159269
3992 71.159235
3993 71.159202
3994 71.159169
3995 71.159135
3996 71.159102
3997 71.159069
3998 71.159036
3999 71.159003
4000 71.158970
4001 71.158937
4002 71.158905
4003 71.158872
4004 71.158839
4005 71.158807
4006 71.158774
4007 71.158742
4008 71.158710
4009 71.158678
4010 71.158646
4011 71.158613
4012 71.158581
4013 71.158550
4014 71.158518
4015 71.158486
4016 71.158454
4017 71.158423
4018 71.158391
4019 71.158360
4020 71.158328
4021 71.158297
4022 71.158266
4023 71.158235
4024 71.158204
4025 71.158173
4026 71.158142
4027 71.158111
4028 71.158080
4029 71.158049
4030 71.158019
4031 71.157988
4032 71.157958
4033 71.157927
4034 71.157897
4035 71.157867
4036 71.157836
4037 71.157806
4038 71.157776
4039 71.157746
4040 71.157716
4041 71.157686
4042 71.157657
4043 71.157627
4044 71.157597
4045 71.157568
4046 71.157538
4047 71.157509
4048 71.157479
4049 71.157450
4050 71.157421
4051 71.157392
4052 71.157363
4053 71.157334
4054 71.157305
4055 71.157276
4056 71.157247
4057 71.157218
4058 71.157189
4059 71.157161
4060 71.157132
4061 71.157104
4062 71.157075
4063 71.157047
4064 71.157019
4065 71.156990
4066 71.156962
4067 71.156934
4068 71.156906
4069 71.156878
4070 71.156850
4071 71.156823
4072 71.156795
4073 71.156767
4074 71.156739
4075 71.156712
4076 71.156684
4077 71.156657
4078 71.156630
4079 71.156602
4080 71.156575
4081 71.156548
4082 71.156521
4083 71.156494
4084 71.156467
4085 71.156440
4086 71.156413
4087 71.156386
4088 71.156359
4089 71.156333
4090 71.156306
4091 71.156280
4092 71.156253
4093 71.156227
4094 71.156200
4095 71.156174
4096 71.156148
4097 71.156122
4098 71.156096
4099 71.156069
4100 71.156043
4101 71.156018
4102 71.155992
4103 71.155966
4104 71.155940
4105 71.155914
4106 71.155889
4107 71.155863
4108 71.155838
4109 71.155812
4110 71.155787
4111 71.155762
4112 71.155736
4113 71.155711
4114 71.155686
4115 71.155661
4116 71.155636
4117 71.155611
4118 71.155586
4119 71.155561
4120 71.155536
4121 71.155512
4122 71.155487
4123 71.155462
4124 71.155438
4125 71.155413
4126 71.155389
4127 71.155364
4128 71.155340
4129 71.155316
4130 71.155292
4131 71.155267
4132 71.155243
4133 71.155219
4134 71.155195
4135 71.155171
4136 71.155148
4137 71.155124
4138 71.155100
4139 71.155076
4140 71.155053
4141 71.155029
4142 71.155005
4143 71.154982
4144 71.154959
4145 71.154935
4146 71.154912
4147 71.154889
4148 71.154865
4149 71.154842
4150 71.154819
4151 71.154796
4152 71.154773
4153 71.154750
4154 71.154727
4155 71.154704
4156 71.154682
4157 71.154659
4158 71.154636
4159 71.154614
4160 71.154591
4161 71.154569
4162 71.154546
4163 71.154524
4164 71.154501
4165 71.154479
4166 71.154457
4167 71.154435
4168 71.154413
4169 71.154390
4170 71.154368
4171 71.154346
4172 71.154325
4173 71.154303
4174 71.154281
4175 71.154259
4176 71.154237
4177 71.154216
4178 71.154194
4179 71.154172
4180 71.154151
4181 71.154129
4182 71.154108
4183 71.154087
4184 71.154065
4185 71.154044
4186 71.154023
4187 71.154002
4188 71.153981
4189 71.153960
4190 71.153938
4191 71.153918
4192 71.153897
4193 71.153876
4194 71.153855
4195 71.153834
4196 71.153813
4197 71.153793
4198 71.153772
4199 71.153752
4200 71.153731
4201 71.153711
4202 71.153690
4203 71.153670
4204 71.153649
4205 71.153629
4206 71.153609
4207 71.153589
4208 71.153569
4209 71.153548
4210 71.153528
4211 71.153508
4212 71.153488
4213 71.153469
4214 71.153449
4215 71.153429
4216 71.153409
4217 71.153389
4218 71.153370
4219 71.153350
4220 71.153331
4221 71.153311
4222 71.153292
4223 71.153272
4224 71.153253
4225 71.153233
4226 71.153214
4227 71.153195
4228 71.153176
4229 71.153156
4230 71.153137
4231 71.153118
4232 71.153099
4233 71.153080
4234 71.153061
4235 71.153042
4236 71.153024
4237 71.153005
4238 71.152986
4239 71.152967
4240 71.152949
4241 71.152930
4242 71.152911
4243 71.152893
4244 71.152874
4245 71.152856
4246 71.152837
4247 71.152819
4248 71.152801
4249 71.152782
4250 71.152764
4251 71.152746
4252 71.152728
4253 71.152710
4254 71.152692
4255 71.152674
4256 71.152656
4257 71.152638
4258 71.152620
4259 71.152602
4260 71.152584
4261 71.152566
4262 71.152549
4263 71.152531
4264 71.152513
4265 71.152496
4266 71.152478
4267 71.152461
4268 71.152443
4269 71.152426
4270 71.152408
4271 71.152391
4272 71.152374
4273 71.152357
4274 71.152339
4275 71.152322
4276 71.152305
4277 71.152288
4278 71.152271
4279 71.152254
4280 71.152237
4281 71.152220
4282 71.152203
4283 71.152186
4284 71.152169
4285 71.152152
4286 71.152136
4287 71.152119
4288 71.152102
4289 71.152086
4290 71.152069
4291 71.152053
4292 71.152036
4293 71.152020
4294 71.152003
4295 71.151987
4296 71.151970
4297 71.151954
4298 71.151938
4299 71.151922
4300 71.151905
4301 71.151889
4302 71.151873
4303 71.151857
4304 71.151841
4305 71.151825
4306 71.151809
4307 71.151793
4308 71.151777
4309 71.151761
4310 71.151746
4311 71.151730
4312 71.151714
4313 71.151698
4314 71.151683
4315 71.151667
4316 71.151651
4317 71.151636
4318 71.151620
4319 71.151605
4320 71.151589
4321 71.151574
4322 71.151559
4323 71.151543
4324 71.151528
4325 71.151513
4326 71.151498
4327 71.151482
4328 71.151467
4329 71.151452
4330 71.151437
4331 71.151422
4332 71.151407
4333 71.151392
4334 71.151377
4335 71.151362
4336 71.151347
4337 71.151332
4338 71.151318
4339 71.151303
4340 71.151288
4341 71.151273
4342 71.151259
4343 71.151244
4344 71.151230
4345 71.151215
4346 71.151201
4347 71.151186
4348 71.151172
4349 71.151157
4350 71.151143
4351 71.151128
4352 71.151114
4353 71.151100
4354 71.151086
4355 71.151071
4356 71.151057
4357 71.151043
4358 71.151029
4359 71.151015
4360 71.151001
4361 71.150987
4362 71.150973
4363 71.150959
4364 71.150945
4365 71.150931
4366 71.150917
4367 71.150903
4368 71.150890
4369 71.150876
4370 71.150862
4371 71.150849
4372 71.150835
4373 71.150821
4374 71.150808
4375 71.150794
4376 71.150781
4377 71.150767
4378 71.150754
4379 71.150740
4380 71.150727
4381 71.150714
4382 71.150700
4383 71.150687
4384 71.150674
4385 71.150660
4386 71.150647
4387 71.150634
4388 71.150621
4389 71.150608
4390 71.150595
4391 71.150582
4392 71.150569
4393 71.150556
4394 71.150543
4395 71.150530
4396 71.150517
4397 71.150504
4398 71.150491
4399 71.150478
4400 71.150466
4401 71.150453
4402 71.150440
4403 71.150428
4404 71.150415
4405 71.150402
4406 71.150390
4407 71.150377
4408 71.150365
4409 71.150352
4410 71.150340
4411 71.150327
4412 71.150315
4413 71.150302
4414 71.150290
4415 71.150278
4416 71.150266
4417 71.150253
4418 71.150241
4419 71.150229
4420 71.150217
4421 71.150205
4422 71.150192
4423 71.150180
4424 71.150168
4425 71.150156
4426 71.150144
4427 71.150132
4428 71.150120
4429 71.150108
4430 71.150097
4431 71.150085
4432 71.150073
4433 71.150061
4434 71.150049
4435 71.150038
4436 71.150026
4437 71.150014
4438 71.150002
4439 71.149991
4440 71.149979
4441 71.149968
4442 71.149956
4443 71.149945
4444 71.149933
4445 71.149922
4446 71.149910
4447 71.149899
4448 71.149887
4449 71.149876
4450 71.149865
4451 71.149853
4452 71.149842
4453 71.149831
4454 71.149820
4455 71.149808
4456 71.149797
4457 71.149786
4458 71.149775
4459 71.149764
4460 71.149753
4461 71.149742
4462 71.149731
4463 71.149720
4464 71.149709
4465 71.149698
4466 71.149687
4467 71.149676
4468 71.149665
4469 71.149655
4470 71.149644
4471 71.149633
4472 71.149622
4473 71.149611
4474 71.149601
4475 71.149590
4476 71.149579
4477 71.149569
4478 71.149558
4479 71.149548
4480 71.149537
4481 71.149527
4482 71.149516
4483 71.149506
4484 71.149495
4485 71.149485
4486 71.149474
4487 71.149464
4488 71.149454
4489 71.149443
4490 71.149433
4491 71.149423
4492 71.149413
4493 71.149402
4494 71.149392
4495 71.149382
4496 71.149372
4497 71.149362
4498 71.149352
4499 71.149342
4500 71.149331
4501 71.149321
4502 71.149311
4503 71.149301
4504 71.149292
4505 71.149282
4506 71.149272
4507 71.149262
4508 71.149252
4509 71.149242
4510 71.149232
4511 71.149222
4512 71.149213
4513 71.149203
4514 71.149193
4515 71.149184
4516 71.149174
4517 71.149164
4518 71.149155
4519 71.149145
4520 71.149135
4521 71.149126
4522 71.149116
4523 71.149107
4524 71.149097
4525 71.149088
4526 71.149078
4527 71.149069
4528 71.149060
4529 71.149050
4530 71.149041
4531 71.149032
4532 71.149022
4533 71.149013
4534 71.149004
4535 71.148994
4536 71.148985
4537 71.148976
4538 71.148967
4539 71.148958
4540 71.148949
4541 71.148939
4542 71.148930
4543 71.148921
4544 71.148912
4545 71.148903
4546 71.148894
4547 71.148885
4548 71.148876
4549 71.148867
4550 71.148858
4551 71.148850
4552 71.148841
4553 71.148832
4554 71.148823
4555 71.148814
4556 71.148805
4557 71.148797
4558 71.148788
4559 71.148779
4560 71.148771
4561 71.148762
4562 71.148753
4563 71.148745
4564 71.148736
4565 71.148727
4566 71.148719
4567 71.148710
4568 71.148702
4569 71.148693
4570 71.148685
4571 71.148676
4572 71.148668
4573 71.148659
4574 71.148651
4575 71.148643
4576 71.148634
4577 71.148626
4578 71.148617
4579 71.148609
4580 71.148601
4581 71.148593
4582 71.148584
4583 71.148576
4584 71.148568
4585 71.148560
4586 71.148552
4587 71.148543
4588 71.148535
4589 71.148527
4590 71.148519
4591 71.148511
4592 71.148503
4593 71.148495
4594 71.148487
4595 71.148479
4596 71.148471
4597 71.148463
4598 71.148455
4599 71.148447
4600 71.148439
4601 71.148431
4602 71.148423
4603 71.148416
4604 71.148408
4605 71.148400
4606 71.148392
4607 71.148384
4608 71.148377
4609 71.148369
4610 71.148361
4611 71.148353
4612 71.148346
4613 71.148338
4614 71.148330
4615 71.148323
4616 71.148315
4617 71.148308
4618 71.148300
4619 71.148293
4620 71.148285
4621 71.148278
4622 71.148270
4623 71.148263
4624 71.148255
4625 71.148248
4626 71.148240
4627 71.148233
4628 71.148225
4629 71.148218
4630 71.148211
4631 71.148203
4632 71.148196
4633 71.148189
4634 71.148182
4635 71.148174
4636 71.148167
4637 71.148160
4638 71.148153
4639 71.148145
4640 71.148138
4641 71.148131
4642 71.148124
4643 71.148117
4644 71.148110
4645 71.148103
4646 71.148096
4647 71.148088
4648 71.148081
4649 71.148074
4650 71.148067
4651 71.148060
4652 71.148053
4653 71.148047
4654 71.148040
4655 71.148033
4656 71.148026
4657 71.148019
4658 71.148012
4659 71.148005
4660 71.147998
4661 71.147992
4662 71.147985
4663 71.147978
4664 71.147971
4665 71.147964
4666 71.147958
4667 71.147951
4668 71.147944
4669 71.147938
4670 71.147931
4671 71.147924
4672 71.147918
4673 71.147911
4674 71.147904
4675 71.147898
4676 71.147891
4677 71.147885
4678 71.147878
4679 71.147872
4680 71.147865
4681 71.147859
4682 71.147852
4683 71.147846
4684 71.147839
4685 71.147833
4686 71.147826
4687 71.147820
4688 71.147814
4689 71.147807
4690 71.147801
4691 71.147794
4692 71.147788
4693 71.147782
4694 71.147776
4695 71.147769
4696 71.147763
4697 71.147757
4698 71.147751
4699 71.147744
4700 71.147738
4701 71.147732
4702 71.147726
4703 71.147720
4704 71.147713
4705 71.147707
4706 71.147701
4707 71.147695
4708 71.147689
4709 71.147683
4710 71.147677
4711 71.147671
4712 71.147665
4713 71.147659
4714 71.147653
4715 71.147647
4716 71.147641
4717 71.147635
4718 71.147629
4719 71.147623
4720 71.147617
4721 71.147611
4722 71.147605
4723 71.147600
4724 71.147594
4725 71.147588
4726 71.147582
4727 71.147576
4728 71.147570
4729 71.147565
4730 71.147559
4731 71.147553
4732 71.147547
4733 71.147542
4734 71.147536
4735 71.147530
4736 71.147525
4737 71.147519
4738 71.147513
4739 71.147508
4740 71.147502
4741 71.147496
4742 71.147491
4743 71.147485
4744 71.147480
4745 71.147474
4746 71.147469
4747 71.147463
4748 71.147458
4749 71.147452
4750 71.147447
4751 71.147441
4752 71.147436
4753 71.147430
4754 71.147425
4755 71.147419
4756 71.147414
4757 71.147408
4758 71.147403
4759 71.147398
4760 71.147392
4761 71.147387
4762 71.147382
4763 71.147376
4764 71.147371
4765 71.147366
4766 71.147360
4767 71.147355
4768 71.147350
4769 71.147345
4770 71.147339
4771 71.147334
4772 71.147329
4773 71.147324
4774 71.147319
4775 71.147314
4776 71.147308
4777 71.147303
4778 71.147298
4779 71.147293
4780 71.147288
4781 71.147283
4782 71.147278
4783 71.147273
4784 71.147268
4785 71.147263
4786 71.147258
4787 71.147252
4788 71.147247
4789 71.147242
4790 71.147238
4791 71.147233
4792 71.147228
4793 71.147223
4794 71.147218
4795 71.147213
4796 71.147208
4797 71.147203
4798 71.147198
4799 71.147193
4800 71.147188
4801 71.147184
4802 71.147179
4803 71.147174
4804 71.147169
4805 71.147164
4806 71.147159
4807 71.147155
4808 71.147150
4809 71.147145
4810 71.147140
4811 71.147136
4812 71.147131
4813 71.147126
4814 71.147122
4815 71.147117
4816 71.147112
4817 71.147108
4818 71.147103
4819 71.147098
4820 71.147094
4821 71.147089
4822 71.147084
4823 71.147080
4824 71.147075
4825 71.147071
4826 71.147066
4827 71.147062
4828 71.147057
4829 71.147053
4830 71.147048
4831 71.147044
4832 71.147039
4833 71.147035
4834 71.147030
4835 71.147026
4836 71.147021
4837 71.147017
4838 71.147012
4839 71.147008
4840 71.147003
4841 71.146999
4842 71.146995
4843 71.146990
4844 71.146986
4845 71.146982
4846 71.146977
4847 71.146973
4848 71.146969
4849 71.146964
4850 71.146960
4851 71.146956
4852 71.146951
4853 71.146947
4854 71.146943
4855 71.146939
4856 71.146934
4857 71.146930
4858 71.146926
4859 71.146922
4860 71.146918
4861 71.146913
4862 71.146909
4863 71.146905
4864 71.146901
4865 71.146897
4866 71.146893
4867 71.146889
4868 71.146884
4869 71.146880
4870 71.146876
4871 71.146872
4872 71.146868
4873 71.146864
4874 71.146860
4875 71.146856
4876 71.146852
4877 71.146848
4878 71.146844
4879 71.146840
4880 71.146836
4881 71.146832
4882 71.146828
4883 71.146824
4884 71.146820
4885 71.146816
4886 71.146812
4887 71.146808
4888 71.146804
4889 71.146800
4890 71.146797
4891 71.146793
4892 71.146789
4893 71.146785
4894 71.146781
4895 71.146777
4896 71.146773
4897 71.146770
4898 71.146766
4899 71.146762
4900 71.146758
4901 71.146754
4902 71.146751
4903 71.146747
4904 71.146743
4905 71.146739
4906 71.146736
4907 71.146732
4908 71.146728
4909 71.146724
4910 71.146721
4911 71.146717
4912 71.146713
4913 71.146710
4914 71.146706
4915 71.146702
4916 71.146699
4917 71.146695
4918 71.146691
4919 71.146688
4920 71.146684
4921 71.146680
4922 71.146677
4923 71.146673
4924 71.146670
4925 71.146666
4926 71.146663
4927 71.146659
4928 71.146655
4929 71.146652
4930 71.146648
4931 71.146645
4932 71.146641
4933 71.146638
4934 71.146634
4935 71.146631
4936 71.146627
4937 71.146624
4938 71.146621
4939 71.146617
4940 71.146614
4941 71.146610
4942 71.146607
4943 71.146603
4944 71.146600
4945 71.146597
4946 71.146593
4947 71.146590
4948 71.146586
4949 71.146583
4950 71.146580
4951 71.146576
4952 71.146573
4953 71.146570
4954 71.146566
4955 71.146563
4956 71.146560
4957 71.146556
4958 71.146553
4959 71.146550
4960 71.146547
4961 71.146543
4962 71.146540
4963 71.146537
4964 71.146534
4965 71.146530
4966 71.146527
4967 71.146524
4968 71.146521
4969 71.146518
4970 71.146514
4971 71.146511
4972 71.146508
4973 71.146505
4974 71.146502
4975 71.146498
4976 71.146495
4977 71.146492
4978 71.146489
4979 71.146486
4980 71.146483
4981 71.146480
4982 71.146477
4983 71.146474
4984 71.146470
4985 71.146467
4986 71.146464
4987 71.146461
4988 71.146458
4989 71.146455
4990 71.146452
4991 71.146449
4992 71.146446
4993 71.146443
4994 71.146440
4995 71.146437
4996 71.146434
4997 71.146431
4998 71.146428
4999 71.146425
5000 71.146422
5001 71.146419
5002 71.146416
5003 71.146413
5004 71.146410
5005 71.146407
5006 71.146405
5007 71.146402
5008 71.146399
5009 71.146396
5010 71.146393
5011 71.146390
5012 71.146387
5013 71.146384
5014 71.146381
5015 71.146379
5016 71.146376
5017 71.146373
5018 71.146370
5019 71.146367
5020 71.146364
5021 71.146362
5022 71.146359
5023 71.146356
5024 71.146353
5025 71.146350
5026 71.146348
5027 71.146345
5028 71.146342
5029 71.146339
5030 71.146337
5031 71.146334
5032 71.146331
5033 71.146328
5034 71.146326
5035 71.146323
5036 71.146320
5037 71.146318
5038 71.146315
5039 71.146312
5040 71.146310
5041 71.146307
5042 71.146304
5043 71.146302
5044 71.146299
5045 71.146296
5046 71.146294
5047 71.146291
5048 71.146288
5049 71.146286
5050 71.146283
5051 71.146280
5052 71.146278
5053 71.146275
5054 71.146273
5055 71.146270
5056 71.146268
5057 71.146265
5058 71.146262
5059 71.146260
5060 71.146257
5061 71.146255
5062 71.146252
5063 71.146250
5064 71.146247
5065 71.146245
5066 71.146242
5067 71.146240
5068 71.146237
5069 71.146235
5070 71.146232
5071 71.146230
5072 71.146227
5073 71.146225
5074 71.146222
5075 71.146220
5076 71.146217
5077 71.146215
5078 71.146213
5079 71.146210
5080 71.146208
5081 71.146205
5082 71.146203
5083 71.146200
5084 71.146198
5085 71.146196
5086 71.146193
5087 71.146191
5088 71.146189
5089 71.146186
5090 71.146184
5091 71.146181
5092 71.146179
5093 71.146177
5094 71.146174
5095 71.146172
5096 71.146170
5097 71.146167
5098 71.146165
5099 71.146163
5100 71.146160
5101 71.146158
5102 71.146156
5103 71.146154
5104 71.146151
5105 71.146149
5106 71.146147
5107 71.146145
5108 71.146142
5109 71.146140
5110 71.146138
5111 71.146136
5112 71.146133
5113 71.146131
5114 71.146129
5115 71.146127
5116 71.146124
5117 71.146122
5118 71.146120
5119 71.146118
5120 71.146116
5121 71.146113
5122 71.146111
5123 71.146109
5124 71.146107
5125 71.146105
5126 71.146103
5127 71.146100
5128 71.146098
5129 71.146096
5130 71.146094
5131 71.146092
5132 71.146090
5133 71.146088
5134 71.146086
5135 71.146083
5136 71.146081
5137 71.146079
5138 71.146077
5139 71.146075
5140 71.146073
5141 71.146071
5142 71.146069
5143 71.146067
5144 71.146065
5145 71.146063
5146 71.146061
5147 71.146059
5148 71.146057
5149 71.146054
5150 71.146052
5151 71.146050
5152 71.146048
5153 71.146046
5154 71.146044
5155 71.146042
5156 71.146040
5157 71.146038
5158 71.146036
5159 71.146034
5160 71.146032
5161 71.146030
5162 71.146028
5163 71.146027
5164 71.146025
5165 71.146023
5166 71.146021
5167 71.146019
5168 71.146017
5169 71.146015
5170 71.146013
5171 71.146011
5172 71.146009
5173 71.146007
5174 71.146005
5175 71.146003
5176 71.146001
5177 71.146000
5178 71.145998
5179 71.145996
5180 71.145994
5181 71.145992
5182 71.145990
5183 71.145988
5184 71.145986
5185 71.145985
5186 71.145983
5187 71.145981
5188 71.145979
5189 71.145977
5190 71.145975
5191 71.145974
5192 71.145972
5193 71.145970
5194 71.145968
5195 71.145966
5196 71.145965
5197 71.145963
5198 71.145961
5199 71.145959
5200 71.145957
5201 71.145956
5202 71.145954
5203 71.145952
5204 71.145950
5205 71.145948
5206 71.145947
5207 71.145945
5208 71.145943
5209 71.145941
5210 71.145940
5211 71.145938
5212 71.145936
5213 71.145935
5214 71.145933
5215 71.145931
5216 71.145929
5217 71.145928
5218 71.145926
5219 71.145924
5220 71.145923
5221 71.145921
5222 71.145919
5223 71.145918
5224 71.145916
5225 71.145914
5226 71.145912
5227 71.145911
5228 71.145909
5229 71.145908
5230 71.145906
5231 71.145904
5232 71.145903
5233 71.145901
5234 71.145899
5235 71.145898
5236 71.145896
5237 71.145894
5238 71.145893
5239 71.145891
5240 71.145890
5241 71.145888
5242 71.145886
5243 71.145885
5244 71.145883
5245 71.145882
5246 71.145880
5247 71.145878
5248 71.145877
5249 71.145875
5250 71.145874
5251 71.145872
5252 71.145871
5253 71.145869
5254 71.145867
5255 71.145866
5256 71.145864
5257 71.145863
5258 71.145861
5259 71.145860
5260 71.145858
5261 71.145857
5262 71.145855
5263 71.145854
5264 71.145852
5265 71.145851
5266 71.145849
5267 71.145848
5268 71.145846
5269 71.145845
5270 71.145843
5271 71.145842
5272 71.145840
5273 71.145839
5274 71.145837
5275 71.145836
5276 71.145834
5277 71.145833
5278 71.145831
5279 71.145830
5280 71.145828
5281 71.145827
5282 71.145826
5283 71.145824
5284 71.145823
5285 71.145821
5286 71.145820
5287 71.145818
5288 71.145817
5289 71.145816
5290 71.145814
5291 71.145813
5292 71.145811
5293 71.145810
5294 71.145809
5295 71.145807
5296 71.145806
5297 71.145804
5298 71.145803
5299 71.145802
5300 71.145800
5301 71.145799
5302 71.145797
5303 71.145796
5304 71.145795
5305 71.145793
5306 71.145792
5307 71.145791
5308 71.145789
5309 71.145788
5310 71.145787
5311 71.145785
5312 71.145784
5313 71.145783
5314 71.145781
5315 71.145780
5316 71.145779
5317 71.145777
5318 71.145776
5319 71.145775
5320 71.145773
5321 71.145772
5322 71.145771
5323 71.145769
5324 71.145768
5325 71.145767
5326 71.145766
5327 71.145764
5328 71.145763
5329 71.145762
5330 71.145761
5331 71.145759
5332 71.145758
5333 71.145757
5334 71.145755
5335 71.145754
5336 71.145753
5337 71.145752
5338 71.145750
5339 71.145749
5340 71.145748
5341 71.145747
5342 71.145745
5343 71.145744
5344 71.145743
5345 71.145742
5346 71.145741
5347 71.145739
5348 71.145738
5349 71.145737
5350 71.145736
5351 71.145735
5352 71.145733
5353 71.145732
5354 71.145731
5355 71.145730
5356 71.145729
5357 71.145727
5358 71.145726
5359 71.145725
5360 71.145724
5361 71.145723
5362 71.145721
5363 71.145720
5364 71.145719
5365 71.145718
5366 71.145717
5367 71.145716
5368 71.145715
5369 71.145713
5370 71.145712
5371 71.145711
5372 71.145710
5373 71.145709
5374 71.145708
5375 71.145707
5376 71.145705
5377 71.145704
5378 71.145703
5379 71.145702
5380 71.145701
5381 71.145700
5382 71.145699
5383 71.145698
5384 71.145696
5385 71.145695
5386 71.145694
5387 71.145693
5388 71.145692
5389 71.145691
5390 71.145690
5391 71.145689
5392 71.145688
5393 71.145687
5394 71.145686
5395 71.145685
5396 71.145683
5397 71.145682
5398 71.145681
5399 71.145680
5400 71.145679
5401 71.145678
5402 71.145677
5403 71.145676
5404 71.145675
5405 71.145674
5406 71.145673
5407 71.145672
5408 71.145671
5409 71.145670
5410 71.145669
5411 71.145668
5412 71.145667
5413 71.145666
5414 71.145665
5415 71.145664
5416 71.145663
5417 71.145662
5418 71.145661
5419 71.145660
5420 71.145659
5421 71.145658
5422 71.145657
5423 71.145656
5424 71.145655
5425 71.145654
5426 71.145653
5427 71.145652
5428 71.145651
5429 71.145650
5430 71.145649
5431 71.145648
5432 71.145647
5433 71.145646
5434 71.145645
5435 71.145644
5436 71.145643
5437 71.145642
5438 71.145641
5439 71.145640
5440 71.145639
5441 71.145638
5442 71.145637
5443 71.145636
5444 71.145635
5445 71.145634
5446 71.145633
5447 71.145633
5448 71.145632
5449 71.145631
5450 71.145630
5451 71.145629
5452 71.145628
5453 71.145627
5454 71.145626
5455 71.145625
5456 71.145624
5457 71.145623
5458 71.145622
5459 71.145622
5460 71.145621
5461 71.145620
5462 71.145619
5463 71.145618
5464 71.145617
5465 71.145616
5466 71.145615
5467 71.145614
5468 71.145613
5469 71.145613
5470 71.145612
5471 71.145611
5472 71.145610
5473 71.145609
5474 71.145608
5475 71.145607
5476 71.145607
5477 71.145606
5478 71.145605
5479 71.145604
5480 71.145603
5481 71.145602
5482 71.145601
5483 71.145601
5484 71.145600
5485 71.145599
5486 71.145598
5487 71.145597
5488 71.145596
5489 71.145596
5490 71.145595
5491 71.145594
5492 71.145593
5493 71.145592
5494 71.145591
5495 71.145591
5496 71.145590
5497 71.145589
5498 71.145588
5499 71.145587
5500 71.145586
5501 71.145586
5502 71.145585
5503 71.145584
5504 71.145583
5505 71.145582
5506 71.145582
5507 71.145581
5508 71.145580
5509 71.145579
5510 71.145579
5511 71.145578
5512 71.145577
5513 71.145576
5514 71.145575
5515 71.145575
5516 71.145574
5517 71.145573
5518 71.145572
5519 71.145572
5520 71.145571
5521 71.145570
5522 71.145569
5523 71.145568
5524 71.145568
5525 71.145567
5526 71.145566
5527 71.145565
5528 71.145565
5529 71.145564
5530 71.145563
5531 71.145562
5532 71.145562
5533 71.145561
5534 71.145560
5535 71.145560
5536 71.145559
5537 71.145558
5538 71.145557
5539 71.145557
5540 71.145556
5541 71.145555
5542 71.145554
5543 71.145554
5544 71.145553
5545 71.145552
5546 71.145552
5547 71.145551
