0 5.413038
1 4.832933
2 4.616686
3 4.509005
4 4.443224
5 4.397756
6 4.364431
7 4.339481
8 4.320760
9 4.306819
10 4.296568
11 4.289140
12 4.283844
13 4.280135
14 4.277590
15 4.275888
16 4.274786
17 4.274108
18 4.273722
19 4.273536
20 4.273481
21 4.273511
22 4.273592
23 4.273702
24 4.273826
25 4.273954
26 4.274078
27 4.274196
28 4.274305
29 4.274404
30 4.274493
31 4.274572
32 4.274641
33 4.274703
34 4.274756
35 4.274803
36 4.274843
37 4.274878
38 4.274909
39 4.274935
40 4.274957
41 4.274976
42 4.274993
43 4.275007
44 4.275019
45 4.275030
46 4.275038
47 4.275046
48 4.275053
49 4.275058
50 4.275063
51 4.275067
52 4.275071
53 4.275073
54 4.275076
55 4.275078
56 4.275080
57 4.275082
58 4.275083
59 4.275084
60 4.275085
61 4.275086
62 4.275087
63 4.275087
64 4.275088
65 4.275088
66 4.275089
67 4.275089
68 4.275089
69 4.275090
70 4.275090
71 4.275090
72 4.275090
73 4.275090
74 4.275090
75 4.275090
76 4.275090
77 4.275091
78 4.275091
79 4.275091
80 4.275091
81 4.512994
82 4.510625
83 4.509864
84 4.509352
85 4.508964
86 4.508660
87 4.508417
88 4.508219
89 4.508056
90 4.507922
91 4.507810
92 4.507716
93 4.507637
94 4.507570
95 4.507513
96 4.507465
97 4.507423
98 4.507387
99 4.507357
100 4.507330
101 4.507307
102 4.507287
103 4.507270
104 4.507255
105 4.507242
106 4.507231
107 4.507220
108 4.507212
109 4.507204
110 4.507197
111 4.507191
112 4.507185
113 4.507180
114 4.507176
115 4.507172
116 4.507168
117 4.507165
118 4.507162
119 4.507159
120 4.507157
121 4.507155
122 4.507153
123 4.507151
124 4.507149
125 4.507147
126 4.507145
127 4.507144
128 4.507143
129 4.507141
130 4.507140
131 4.507139
132 4.507138
133 4.507137
134 4.507136
135 4.507135
136 4.507134
137 4.507133
138 4.507132
139 4.507131
140 4.507130
141 4.507130
142 4.507129
143 4.507128
144 4.507127
145 4.507127
146 4.507126
147 4.507126
148 4.507125
149 4.507125
150 4.507124
151 4.507124
152 4.507123
153 4.507123
154 4.507122
155 4.507122
156 4.507121
157 4.507121
158 4.507121
159 4.507120
160 4.507120
161 4.507120
162 4.507119
163 4.507119
164 4.507119
165 4.507118
166 4.507118
167 4.507118
168 4.507118
169 4.507117
170 4.507117
171 4.507117
172 4.507117
173 4.507116
174 4.507116
175 4.507116
176 4.507116
177 4.507116
178 4.507115
179 4.507115
180 4.507115
181 4.507115
182 4.507115
183 4.507115
184 4.507115
185 4.507114
186 4.507114
187 4.507114
188 4.507114
189 4.507114
190 4.507114
191 4.507114
192 4.507114
193 4.507114
194 4.507113
195 4.507113
196 4.507113
197 4.507113
198 4.507113
199 4.507113
200 4.507113
201 4.507113
202 4.507113
203 4.507113
204 4.507113
205 4.507113
206 4.507113
207 4.507113
208 4.507112
209 4.507112
210 4.507112
211 4.507112
212 4.507112
213 4.507112
214 4.572378
215 4.572133
216 4.572090
217 4.572064
218 4.572043
219 4.572026
220 4.572010
221 4.571996
222 4.571983
223 4.571971
224 4.571960
225 4.571950
226 4.571941
227 4.571932
228 4.571924
229 4.571916
230 4.571909
231 4.571903
232 4.571896
233 4.571890
234 4.571885
235 4.571880
236 4.571875
237 4.571870
238 4.571866
239 4.571861
240 4.571857
241 4.571854
242 4.571850
243 4.571847
244 4.571843
245 4.571840
246 4.571837
247 4.571834
248 4.571832
249 4.571829
250 4.571827
251 4.571825
252 4.571822
253 4.571820
254 4.571818
255 4.571816
256 4.571814
257 4.571813
258 4.571811
259 4.571809
260 4.571808
261 4.571806
262 4.571805
263 4.571804
264 4.571802
265 4.571801
266 4.571800
267 4.571799
268 4.571798
269 4.571797
270 4.571796
271 4.571795
272 4.571794
273 4.571793
274 4.571792
275 4.571791
276 4.571790
277 4.571790
278 4.571789
279 4.571788
280 4.571787
281 4.571787
282 4.571786
283 4.571786
284 4.571785
285 4.571784
286 4.571784
287 4.571783
288 4.571783
289 4.571782
290 4.571782
291 4.571781
292 4.571781
293 4.571781
294 4.571780
295 4.571780
296 4.571779
297 4.571779
298 4.571779
299 4.571778
300 4.571778
301 4.571778
302 4.571777
303 4.571777
304 4.571777
305 4.571777
306 4.571776
307 4.571776
308 4.571776
309 4.571775
310 4.571775
311 4.571775
312 4.571775
313 4.571775
314 4.571774
315 4.571774
316 4.571774
317 4.571774
318 4.571774
319 4.571773
320 4.571773
321 4.571773
322 4.571773
323 4.571773
324 4.571773
325 4.571773
326 4.571772
327 4.571772
328 4.571772
329 4.571772
330 4.571772
331 4.571772
332 4.571772
333 4.571771
334 4.571771
335 4.571771
336 4.571771
337 4.571771
338 4.571771
339 4.571771
340 4.571771
341 4.571771
342 4.571771
343 4.571770
344 4.571770
345 4.571770
346 4.571770
347 4.571770
348 4.571770
349 4.571770
350 4.571770
351 4.571770
352 4.571770
353 4.571770
354 4.571770
355 4.571770
356 4.571770
357 4.571769
358 4.571769
359 4.571769
360 4.571769
361 4.571769
362 4.571769
363 4.571769
364 4.571769
365 4.571769
366 4.571769
367 4.571769
368 4.571769
369 4.571769
370 4.571769
371 4.571769
372 4.588471
373 4.588443
374 4.588440
375 4.588439
376 4.588438
377 4.588438
378 4.588437
379 4.588437
380 4.588436
381 4.588436
382 4.588435
383 4.588435
384 4.588435
385 4.588434
386 4.588434
387 4.588434
388 4.588433
389 4.588433
390 4.588433
391 4.588432
392 4.588432
393 4.588432
394 4.588432
395 4.588431
396 4.588431
397 4.588431
398 4.588431
399 4.588430
400 4.588430
401 4.588430
402 4.588430
403 4.588429
404 4.588429
405 4.588429
406 4.588429
407 4.588429
408 4.588428
409 4.588428
410 4.588428
411 4.588428
412 4.588428
413 4.588428
414 4.588427
415 4.588427
416 4.588427
417 4.588427
418 4.588427
419 4.588427
420 4.588426
421 4.588426
422 4.588426
423 4.588426
424 4.588426
425 4.588426
426 4.588425
427 4.588425
428 4.588425
429 4.588425
430 4.588425
431 4.588425
432 4.588425
433 4.588425
434 4.588424
435 4.588424
436 4.588424
437 4.588424
438 4.588424
439 4.588424
440 4.588424
441 4.588424
442 4.588423
443 4.588423
444 4.588423
445 4.588423
446 4.588423
447 4.588423
448 4.588423
449 4.588423
450 4.588423
451 4.588423
452 4.588422
453 4.588422
454 4.588422
455 4.588422
456 4.588422
457 4.588422
458 4.588422
459 4.588422
460 4.588422
461 4.588422
462 4.588422
463 4.588422
464 4.588421
465 4.588421
466 4.588421
467 4.588421
468 4.588421
469 4.588421
470 4.588421
471 4.588421
472 4.588421
473 4.588421
474 4.588421
475 4.588421
476 4.588421
477 4.588420
478 4.588420
479 4.588420
480 4.588420
481 4.588420
482 4.588420
483 4.588420
484 4.588420
485 4.588420
486 4.588420
487 4.588420
488 4.588420
489 4.588420
490 4.588420
491 4.588420
492 4.588420
493 4.588419
494 4.588419
495 4.588419
496 4.588419
497 4.588419
498 4.588419
499 4.588419
500 4.588419
501 4.588419
502 4.588419
503 4.588419
504 4.588419
505 4.588419
506 4.588419
507 4.588419
508 4.588419
509 4.588419
510 4.588419
511 4.592616
512 4.592612
513 4.592612
514 4.592612
515 4.592612
516 4.592612
